0.0613377 0.0610064 0.0627006 0.0637835 0.0647967 0.0659875 0.0662652 0.0690433 0.0687416 0.0679911 0.0678163 0.0677193 0.067751 0.0679549 0.0678281 0.0690525 0.0687953 0.0685404 0.068374 0.0683305 0.0681933 0.0685129 0.0683573 0.0689905 
0.0416407 0.0412802 0.0422479 0.0434567 0.0442334 0.0452394 0.0456141 0.0478654 0.0479238 0.0474635 0.0471123 0.0472133 0.0473041 0.0474071 0.0472767 0.0480176 0.0479516 0.0476212 0.04752 0.0475501 0.0475057 0.04765 0.0475454 0.0479745 
0.0382453 0.0354044 0.0366531 0.0376453 0.0386188 0.0389792 0.0396455 0.0411434 0.0414814 0.0413471 0.0408699 0.04091 0.0410351 0.0409184 0.0409383 0.0413842 0.0412667 0.0411453 0.0410654 0.0410078 0.0410317 0.0411011 0.0410709 0.0413315 
0.0381751 0.03314 0.0346715 0.0354104 0.03678 0.0366852 0.0373581 0.0385462 0.0387199 0.0384516 0.0384611 0.0383684 0.0384698 0.038779 0.0385278 0.0387112 0.038771 0.0385137 0.0384837 0.0385065 0.0385854 0.0387956 0.0384047 0.0387277 
0.0390205 0.0337375 0.0337753 0.0339433 0.0343035 0.0346142 0.0357166 0.0360627 0.0367961 0.0365739 0.036291 0.0358121 0.0367767 0.0360066 0.0360424 0.0360966 0.0365879 0.0362066 0.0362884 0.0360473 0.0362375 0.0360253 0.0360167 0.0361855 
0.0386382 0.0331338 0.0328629 0.0333199 0.0353959 0.0350383 0.0347378 0.0350267 0.0355787 0.0351337 0.0355393 0.0353044 0.0355233 0.0352349 0.0352252 0.035081 0.0353858 0.0351158 0.0353314 0.0352008 0.0354021 0.0352611 0.0351832 0.0351525 
0.0388525 0.0343547 0.0360979 0.0350382 0.0345098 0.034076 0.0339863 0.0341008 0.0350661 0.0344781 0.0346694 0.034785 0.0344617 0.0344963 0.0345345 0.0341793 0.0345289 0.0342842 0.034419 0.0343884 0.0344078 0.0343672 0.0344335 0.0342632 
0.0411617 0.0362439 0.0361594 0.0346364 0.0342981 0.0332598 0.0334615 0.033416 0.0340274 0.0339525 0.033908 0.0338177 0.0337762 0.0338244 0.033611 0.0334127 0.0337639 0.0335875 0.0336067 0.0336132 0.0335676 0.0336765 0.0335988 0.0335597 
0.0409469 0.0367793 0.0359912 0.0344348 0.0353041 0.0351382 0.0357702 0.0362774 0.0361 0.0356816 0.0357557 0.0361022 0.0362791 0.0364971 0.0363536 0.0364602 0.0364549 0.0361775 0.0362118 0.0363246 0.0364352 0.0366637 0.0364656 0.036548 
0.0397718 0.0350364 0.0360712 0.0338481 0.0348907 0.0346255 0.0349925 0.0353036 0.0351863 0.0350861 0.0353246 0.0352469 0.0356447 0.0358238 0.0353945 0.0355483 0.0354925 0.0352753 0.0354719 0.0354684 0.0357767 0.0357633 0.0355805 0.0356407 
0.0395573 0.0342285 0.0341706 0.034356 0.0345236 0.0343969 0.0344609 0.0346245 0.0346174 0.0346695 0.0350166 0.0350308 0.0352952 0.0350966 0.0348988 0.0349464 0.0348607 0.0348973 0.0349941 0.0350156 0.0351183 0.0350973 0.0350032 0.0349986 
0.0395484 0.0347111 0.034498 0.0340457 0.0340581 0.0338745 0.0335135 0.0341451 0.0343458 0.0343424 0.0345852 0.0344818 0.0348258 0.0346131 0.0342978 0.0344685 0.0344795 0.0344126 0.0346261 0.0346157 0.0346791 0.0346091 0.0344221 0.0344713 
0.0401168 0.0338486 0.0341995 0.0343068 0.033931 0.0340775 0.0340214 0.0338209 0.0341526 0.0345751 0.0343642 0.0341724 0.034301 0.0340663 0.0343039 0.0340719 0.0341806 0.0341974 0.0341616 0.0342937 0.0342097 0.0341413 0.0342503 0.0341726 
0.0399946 0.0336805 0.0342826 0.0340223 0.0338128 0.0339773 0.033741 0.0336325 0.0343797 0.0341834 0.0340381 0.0340487 0.0339686 0.033927 0.0341189 0.0337699 0.0341085 0.0339776 0.0339278 0.0338 0.0339548 0.0339887 0.0340964 0.0338797 
0.0409487 0.0345954 0.0339333 0.0335348 0.0338555 0.0338734 0.0335048 0.0332207 0.0340093 0.0339599 0.0336911 0.0336649 0.0335514 0.0336347 0.033779 0.0333729 0.0337019 0.0335378 0.0335992 0.0334793 0.033508 0.0335496 0.0336826 0.0334542 
0.0406062 0.0352087 0.034005 0.0337151 0.0338234 0.0337738 0.0331826 0.0330525 0.0335869 0.0334185 0.0333805 0.0332801 0.0332335 0.0334071 0.0332969 0.033089 0.0333822 0.0332356 0.0332024 0.0331918 0.0332634 0.0332375 0.0332938 0.0331337 
0.0404324 0.0349243 0.034235 0.0334694 0.0344061 0.0339558 0.0342441 0.0339719 0.0340919 0.0340124 0.0341141 0.0343217 0.034222 0.0344788 0.0345037 0.0342554 0.0343262 0.0342113 0.034279 0.0343179 0.0344081 0.0343963 0.0345059 0.0343799 
0.0402167 0.0348712 0.0344477 0.033657 0.0342458 0.0336047 0.0339288 0.033689 0.0337002 0.0339054 0.0338655 0.0339815 0.0339818 0.0341574 0.034241 0.0339535 0.0340012 0.0339856 0.0339894 0.0341174 0.0342097 0.034274 0.0341506 0.0340443 
0.0403487 0.0346788 0.0347998 0.0339237 0.0343338 0.0334661 0.033846 0.0334741 0.0335856 0.0336776 0.0338845 0.0339658 0.0340492 0.0340946 0.0339231 0.0337574 0.0337786 0.0337236 0.0338376 0.033855 0.0339296 0.0339821 0.0338598 0.0338671 
0.040097 0.0340452 0.0344511 0.0337654 0.0342592 0.0332774 0.0333921 0.0332567 0.0334007 0.0333801 0.0337389 0.0337859 0.0339436 0.0338687 0.0336439 0.03353 0.0336641 0.0336471 0.0336878 0.03369 0.0338671 0.033851 0.033696 0.0336089 
0.0409171 0.034383 0.034703 0.0337232 0.0339053 0.033353 0.0334462 0.0331531 0.0334416 0.0333178 0.0335471 0.033625 0.0338121 0.0337137 0.0334823 0.0333293 0.0335071 0.0334606 0.0334909 0.0334408 0.0337234 0.0336462 0.0335026 0.0334187 
0.0406952 0.0328784 0.0343786 0.0332579 0.0332185 0.033283 0.0332073 0.0329698 0.0332075 0.0330383 0.0333472 0.0334893 0.0336478 0.0336967 0.033266 0.0331225 0.0333138 0.0332455 0.0333083 0.0334117 0.0335152 0.0334078 0.0332908 0.0332081 
0.0409184 0.0336344 0.0336802 0.0341074 0.0333854 0.0331294 0.0331362 0.0328776 0.0330869 0.033047 0.0332435 0.0333901 0.0335991 0.0334949 0.0331861 0.033016 0.0331861 0.0330801 0.0332362 0.0332974 0.0334164 0.0333178 0.0331025 0.0331022 
0.0405599 0.0351775 0.0341354 0.0338214 0.033388 0.0328881 0.0329423 0.0328048 0.0330451 0.0330363 0.0332531 0.0333123 0.0335569 0.033288 0.0330314 0.032956 0.0331025 0.033016 0.0331521 0.0331251 0.0333143 0.0331728 0.0329748 0.0330016 
0.040807 0.0350307 0.0340054 0.0340314 0.0336325 0.0331077 0.0333896 0.0332387 0.0332619 0.0332792 0.0335839 0.0337052 0.034023 0.0339147 0.0336183 0.0335628 0.0335795 0.0335451 0.0337178 0.0337474 0.0338624 0.0338573 0.0336838 0.0336519 
0.0405218 0.0350055 0.0327627 0.0334965 0.0336042 0.0330157 0.0331738 0.0330927 0.0332772 0.0332656 0.0335306 0.033697 0.0337518 0.0337206 0.0334786 0.0334071 0.0335031 0.0334621 0.0335611 0.0336564 0.0338345 0.0336716 0.033579 0.0335135 
0.0403417 0.0342808 0.032744 0.0337012 0.0335082 0.03272 0.0330275 0.0329677 0.033166 0.0332457 0.0335067 0.0336263 0.0336611 0.0335382 0.0333521 0.0333161 0.0333955 0.0334226 0.0334512 0.033533 0.033636 0.0334702 0.0333588 0.0333352 
0.0400345 0.0335205 0.0327132 0.032072 0.0334501 0.0328528 0.0327973 0.0328609 0.0330758 0.0331119 0.0333273 0.0334743 0.0335609 0.0333165 0.0330572 0.0331388 0.0333307 0.0333055 0.0333132 0.0333705 0.0333723 0.0333137 0.0332005 0.0331763 
0.0395969 0.0342518 0.0333718 0.0318506 0.0331769 0.0327949 0.0328481 0.0327669 0.0329292 0.0331037 0.0332906 0.0332321 0.0333303 0.0330581 0.0330289 0.0330036 0.0331782 0.0331141 0.0332567 0.0332311 0.0332312 0.0331241 0.0330976 0.0330397 
0.0394577 0.0337451 0.0331392 0.0318279 0.0329298 0.0326382 0.0328867 0.0327047 0.0330937 0.0330155 0.0332552 0.033039 0.0332782 0.0329735 0.0329631 0.0328938 0.0330742 0.03305 0.0331415 0.0329288 0.0331177 0.032996 0.0329205 0.0329421 
0.0394103 0.0332695 0.0333739 0.0335725 0.0328648 0.0323484 0.0327898 0.0326737 0.033132 0.0330479 0.0331812 0.0332805 0.0331665 0.0330156 0.032982 0.0328441 0.0330307 0.032962 0.0330958 0.0330646 0.0330237 0.0329731 0.0329356 0.0329149 
0.0397048 0.03367 0.0332878 0.0329637 0.032836 0.0323254 0.0325935 0.0326957 0.0331186 0.0330851 0.0331122 0.0330024 0.0330677 0.0329119 0.0328564 0.0328249 0.0330774 0.0329519 0.0330884 0.0328925 0.0329539 0.032916 0.0329187 0.0328637 
0.0395614 0.0329134 0.0332128 0.0327902 0.0327237 0.0324404 0.0329964 0.0328985 0.033178 0.0333727 0.0334063 0.0333271 0.0332826 0.0332868 0.0332717 0.0331842 0.0333902 0.0334257 0.0334497 0.0333645 0.0334329 0.0333584 0.0333215 0.0333407 
0.0397382 0.0327052 0.0330969 0.0328325 0.0323826 0.0324423 0.0329128 0.0328021 0.0332148 0.0332103 0.0332879 0.0332247 0.0331541 0.0332147 0.0331363 0.033118 0.0332722 0.0332806 0.0333541 0.0332873 0.0332826 0.0333238 0.0332216 0.0332307 
0.0399168 0.0324549 0.0331291 0.0329652 0.0323087 0.0323466 0.0328672 0.0327202 0.0330793 0.0331005 0.0330708 0.0330478 0.0331175 0.0330678 0.0330456 0.0330163 0.0332461 0.0331775 0.0332389 0.0331561 0.0331933 0.0331818 0.0331287 0.0331014 
0.0397114 0.03346 0.0330153 0.0323328 0.0323403 0.032368 0.0325363 0.0326061 0.0330775 0.0329133 0.0330352 0.0329301 0.0329506 0.0329512 0.032814 0.0328738 0.0331443 0.0329838 0.0330129 0.0330193 0.032984 0.0330114 0.0329437 0.0329298 
0.039616 0.0335093 0.0330679 0.0321015 0.0323505 0.0322323 0.0325687 0.0325408 0.0330105 0.0328025 0.0328367 0.0328204 0.0328255 0.0328401 0.0328547 0.0327902 0.0329928 0.0328698 0.0329245 0.0328582 0.0328729 0.0329117 0.0328824 0.0328561 
0.0395807 0.0331438 0.0327467 0.0320485 0.0321959 0.0321735 0.0326641 0.0325199 0.0328212 0.0326575 0.0327369 0.0327256 0.0328163 0.0328345 0.0327481 0.0327354 0.0329483 0.0328208 0.0328322 0.0328138 0.0328611 0.0328945 0.0328684 0.0327918 
0.0394252 0.0330102 0.0326267 0.0327625 0.0322919 0.0321659 0.0325402 0.0325469 0.0328806 0.0326627 0.0327391 0.0327627 0.0328149 0.0328362 0.0328406 0.0327479 0.0328703 0.0327716 0.0328498 0.0328693 0.0328291 0.0328652 0.0328381 0.0327812 
0.0393574 0.0329169 0.0322357 0.0326889 0.0323779 0.0321446 0.0324695 0.0326099 0.0327629 0.0325825 0.0326944 0.0327016 0.0327715 0.0327967 0.0327529 0.0327122 0.0329026 0.0327456 0.0327932 0.0327948 0.0328121 0.0328766 0.0328209 0.0327869 
0.0393651 0.0328156 0.0327642 0.032533 0.0321567 0.0322062 0.0327223 0.0326363 0.0328838 0.0328952 0.0328577 0.0329021 0.0329837 0.033057 0.033044 0.0329578 0.0331005 0.0330127 0.0330427 0.0330625 0.0331001 0.0331241 0.0330787 0.0330538 
0.0395401 0.0328012 0.0325453 0.0324629 0.0320936 0.0321197 0.0326166 0.0325895 0.0328209 0.0326895 0.0327897 0.0328131 0.0329457 0.032963 0.0329587 0.0328737 0.0329684 0.0329535 0.0329961 0.03301 0.0330226 0.0330676 0.0329812 0.0329468 
0.0395322 0.0329934 0.0327663 0.0323585 0.0321517 0.0321247 0.032517 0.0325185 0.0327712 0.0325919 0.0327197 0.0327833 0.0328054 0.0329184 0.032833 0.0328048 0.032905 0.0328746 0.0329319 0.0328911 0.0329291 0.0329761 0.0329176 0.0328559 
0.0397254 0.0333599 0.0325091 0.0320569 0.0322063 0.0321966 0.032445 0.0324889 0.0327011 0.0325869 0.0327002 0.0326944 0.0328069 0.0328144 0.0327051 0.032734 0.0328468 0.0328161 0.0328407 0.0328357 0.0328387 0.0328737 0.0327774 0.032797 
0.0396043 0.0333237 0.0324183 0.0320529 0.0321992 0.0321118 0.0324952 0.032421 0.03269 0.0324866 0.0326781 0.0326869 0.0327014 0.0327113 0.0327281 0.0326654 0.032769 0.0327489 0.0327402 0.0327708 0.0327583 0.0327956 0.032738 0.0327114 
0.0395167 0.0332252 0.0321236 0.032166 0.032213 0.0320923 0.032504 0.0324368 0.0326301 0.032498 0.0326056 0.0325691 0.0327073 0.032726 0.0327169 0.0326545 0.0327273 0.0326821 0.0327436 0.0327139 0.0327581 0.0327826 0.0327276 0.032699 
0.0394481 0.0329219 0.0321939 0.0321069 0.0322879 0.0321761 0.0323691 0.0324499 0.0325947 0.032527 0.0326168 0.0326466 0.0326879 0.0326885 0.0327376 0.0326594 0.0327413 0.0326614 0.0327544 0.0327687 0.0327731 0.0327864 0.032751 0.0327087 
0.0393805 0.0327634 0.0322402 0.0321475 0.0322345 0.0321641 0.0323525 0.0324527 0.0325954 0.0324709 0.0326246 0.0326177 0.0327023 0.0327698 0.0327252 0.0326393 0.0327616 0.0326912 0.0327155 0.0327167 0.0327938 0.0327848 0.0327021 0.0327286 
