0.0435007 0.037996 0.0336395 0.0311847 0.030042 0.0307138 0.0318348 0.0335554 0.0327083 0.0320301 0.0313465 0.0307726 0.0306145 0.0308856 0.0313719 0.0323522 0.0319791 0.0315538 0.0312257 0.0308785 0.0307612 0.031012 0.0312508 
0.0425573 0.0370827 0.0327924 0.0300332 0.0294653 0.0299199 0.0309047 0.0332159 0.0319465 0.0312188 0.0304829 0.0300207 0.0297968 0.0301095 0.0306361 0.0316774 0.0311664 0.0307263 0.0303122 0.0300422 0.0300114 0.0302456 0.030518 
0.0427722 0.0360899 0.0322638 0.0296232 0.0295484 0.0303892 0.0318708 0.033743 0.0323797 0.0318335 0.0310959 0.030591 0.0306229 0.0309133 0.0315746 0.0323226 0.031869 0.0313556 0.0309587 0.0307407 0.0307437 0.0311037 0.0313925 
0.0431796 0.0351125 0.0310235 0.0288773 0.0294961 0.0298757 0.0315204 0.0330199 0.0316563 0.031181 0.0304968 0.0298747 0.0300843 0.0303329 0.0310095 0.0317283 0.0311696 0.0307791 0.0303635 0.0301601 0.0303643 0.0304873 0.0307816 
0.0432531 0.0346821 0.0302853 0.0279153 0.029379 0.0295154 0.0310399 0.032329 0.0312231 0.0308072 0.0300976 0.029468 0.0296011 0.0298769 0.0305885 0.0313428 0.0308471 0.0304772 0.0300835 0.0297447 0.0298235 0.0300535 0.0303872 
0.0427473 0.0340924 0.0295662 0.0275266 0.0294922 0.0289583 0.0304569 0.0318382 0.0306681 0.0300899 0.0294309 0.0289569 0.0292466 0.0295146 0.0300719 0.0308022 0.0302732 0.0299031 0.029584 0.0294087 0.0294886 0.029654 0.0300193 
0.042348 0.0338442 0.0295108 0.0273571 0.0290464 0.0286293 0.0300997 0.0312837 0.0302121 0.0296782 0.0289642 0.0285094 0.0288114 0.0290287 0.029741 0.0303472 0.029823 0.0294087 0.0290962 0.0289914 0.0290905 0.0292507 0.0295998 
0.0417374 0.0330692 0.0280339 0.0268583 0.02866 0.0282627 0.0295931 0.0307036 0.0297414 0.0291673 0.0285829 0.0281052 0.028413 0.0286914 0.0293359 0.0299037 0.0293962 0.0290284 0.0287329 0.0286019 0.028702 0.0288988 0.0292204 
0.0415128 0.032936 0.0284299 0.0284487 0.028547 0.0279943 0.0292735 0.0303199 0.0294517 0.0289487 0.0281351 0.0279688 0.0281567 0.0283463 0.0290158 0.0296266 0.0290794 0.028812 0.0285043 0.0284092 0.0285357 0.0286889 0.0289733 
0.0410403 0.0329918 0.0288102 0.0288962 0.0280723 0.027828 0.0287573 0.0301811 0.0290859 0.0285711 0.0280957 0.0276347 0.0277637 0.0279378 0.0286202 0.0292468 0.0289743 0.0284701 0.0281167 0.0279639 0.0280057 0.02825 0.0285181 
0.0405674 0.0329085 0.0294673 0.0283714 0.0271147 0.0273365 0.0282955 0.0295175 0.0286589 0.0279791 0.0273796 0.0272099 0.0273582 0.0275439 0.0282485 0.0287163 0.028277 0.028069 0.027749 0.0276095 0.0276243 0.0279387 0.0281425 
0.0400252 0.0325149 0.0292752 0.0279968 0.0268116 0.0275145 0.0283435 0.0293522 0.028676 0.0279766 0.0274981 0.0273517 0.0274116 0.0277467 0.0284319 0.0289914 0.0285607 0.028346 0.0282865 0.0280478 0.0278658 0.0281234 0.0284479 
0.0398906 0.0325362 0.0293801 0.0277357 0.0268242 0.0272171 0.0282602 0.0292746 0.0285871 0.0279508 0.0273584 0.027152 0.0273004 0.0276826 0.028264 0.0286851 0.0283296 0.0281306 0.0278647 0.0276517 0.0277479 0.0281334 0.0282904 
0.0399364 0.0330278 0.0298348 0.0279351 0.0266815 0.0272328 0.0280826 0.0293112 0.0285613 0.0278959 0.0274637 0.027088 0.0272564 0.0278309 0.0284114 0.0287354 0.0284553 0.0282007 0.0279474 0.0276356 0.027748 0.0280995 0.0283213 
0.0396544 0.033328 0.0301309 0.0274501 0.0264046 0.0269726 0.0279659 0.0292715 0.0285764 0.0279756 0.0274374 0.0270608 0.0271287 0.0278646 0.0283293 0.0288413 0.0285455 0.0282202 0.0278726 0.0277365 0.0277826 0.0282194 0.0283133 
0.0401554 0.0338398 0.0294029 0.0275253 0.0262873 0.0269651 0.0280878 0.029321 0.0284385 0.0278929 0.0273637 0.0270719 0.0270818 0.0279028 0.0282983 0.028865 0.0284696 0.028081 0.0277682 0.0276063 0.0276201 0.0280113 0.028228 
0.0404517 0.0339654 0.0292504 0.0269848 0.0264814 0.0267423 0.0279881 0.0290456 0.0284126 0.0277266 0.0270919 0.0268555 0.0268419 0.0275921 0.0280095 0.0285615 0.0282172 0.0278827 0.0274963 0.0273584 0.027423 0.0278476 0.0279791 
0.0409442 0.0336779 0.0284878 0.0267315 0.026523 0.0265785 0.0277061 0.0291304 0.0283116 0.0274431 0.0269322 0.0266479 0.0266424 0.027431 0.0277061 0.028362 0.0279786 0.0276335 0.0272261 0.0270909 0.0271558 0.0275783 0.0277702 
0.0409388 0.0332459 0.0284248 0.0262676 0.0259599 0.0267273 0.0275207 0.0290828 0.0280643 0.0272442 0.0266787 0.0263686 0.026449 0.0271874 0.0276221 0.0282263 0.0277551 0.0273865 0.0270349 0.0268903 0.0269224 0.0273345 0.0275812 
0.0415778 0.0331046 0.0276227 0.0261409 0.0259993 0.0266951 0.0273181 0.029181 0.0280454 0.0270288 0.0265018 0.0263022 0.0263581 0.0270639 0.0274013 0.0281112 0.0276964 0.0272527 0.0269035 0.026744 0.0268695 0.0272856 0.0274015 
0.0409142 0.0324525 0.0279018 0.025361 0.0254842 0.0267951 0.0272676 0.0290526 0.0278757 0.0270321 0.0264568 0.0261707 0.0262549 0.0270452 0.0273664 0.0280482 0.0275947 0.0273056 0.0268593 0.0266944 0.0267641 0.0272333 0.0275737 
0.0402368 0.0318013 0.0277591 0.0257014 0.0255025 0.0266933 0.0273439 0.028767 0.0276753 0.0270187 0.0265 0.026154 0.0263403 0.0271405 0.0273645 0.0280021 0.0275467 0.0271778 0.0267998 0.0266406 0.026755 0.027286 0.0273889 
0.0401429 0.0318896 0.0276457 0.0263803 0.0254335 0.0266033 0.027415 0.0285943 0.0276139 0.0269607 0.0264298 0.0260633 0.0262402 0.0271017 0.0274605 0.0279759 0.0274997 0.0271998 0.0267999 0.0267005 0.02681 0.0273117 0.027441 
0.039854 0.0314314 0.0282981 0.0264509 0.0249641 0.0264385 0.027302 0.0283575 0.027436 0.0268203 0.0262971 0.025917 0.0261497 0.027054 0.0273524 0.0278639 0.0274384 0.027023 0.0267385 0.0265669 0.0267156 0.0271539 0.02736 
0.0396814 0.0317771 0.0290944 0.0262363 0.0246899 0.0262249 0.0271458 0.0282274 0.0273787 0.0267711 0.0261798 0.0258053 0.0260464 0.0268808 0.027205 0.0277063 0.0272425 0.0268978 0.0265998 0.0264617 0.0266713 0.0270875 0.0272318 
0.0395701 0.0317163 0.0292447 0.0265576 0.0246396 0.0262212 0.0270511 0.0281182 0.0272501 0.0267121 0.0260047 0.0256743 0.0259488 0.0267552 0.0271956 0.0276724 0.0271579 0.0268134 0.0265887 0.0264314 0.0265318 0.0269802 0.0272222 
0.0391985 0.0312529 0.0293775 0.0263858 0.0244528 0.0260783 0.0269069 0.0279125 0.0270456 0.0265151 0.0258169 0.0255248 0.0258204 0.0265964 0.026999 0.0274651 0.0269477 0.0266645 0.0263345 0.026253 0.0264153 0.0268459 0.0270155 
0.0391781 0.0319474 0.0296272 0.0263431 0.0242347 0.0258797 0.0266978 0.0277274 0.0269166 0.0262285 0.0256703 0.0254241 0.0256272 0.026415 0.0268085 0.0272034 0.0267868 0.0265147 0.0262252 0.0260352 0.0262309 0.0265807 0.0268592 
0.03953 0.0323589 0.0295331 0.0261063 0.024655 0.0257492 0.0266587 0.0277897 0.0268245 0.0261903 0.025558 0.0255096 0.0256071 0.0264508 0.0268179 0.0272402 0.0267626 0.0264515 0.0261882 0.0260321 0.0262097 0.0265567 0.0268434 
0.0390593 0.0313113 0.0289172 0.0251201 0.0245924 0.0255034 0.0263447 0.0276066 0.0266703 0.0258502 0.0253963 0.0252141 0.0253874 0.0262096 0.0266419 0.027012 0.026532 0.0262673 0.0259759 0.0258554 0.0260738 0.0264454 0.0266643 
0.0387308 0.0316218 0.0288882 0.0248144 0.0247859 0.025511 0.0263143 0.0276151 0.0265589 0.0258762 0.0252935 0.0251223 0.0253182 0.0261449 0.0265919 0.0269395 0.0265044 0.0262147 0.0259516 0.0258023 0.025948 0.0263463 0.0265425 
0.0387723 0.0319107 0.0289062 0.0251999 0.0249744 0.0255298 0.026422 0.0275057 0.0265565 0.0257827 0.0253331 0.0251121 0.0253767 0.0261787 0.0266134 0.0269274 0.0265068 0.0261984 0.02595 0.0257732 0.0260894 0.0264508 0.0266564 
0.0386395 0.0316318 0.0290771 0.025128 0.0248909 0.0254167 0.0262686 0.0274331 0.0264332 0.0256609 0.0252356 0.0249612 0.0252564 0.0260708 0.0264912 0.0268277 0.026349 0.0261681 0.0258545 0.0256717 0.0259296 0.0263052 0.0265376 
0.0384926 0.0323437 0.0291156 0.025111 0.0249882 0.025258 0.0260816 0.0273077 0.026177 0.0255664 0.0251937 0.0248337 0.0251552 0.0259752 0.0264601 0.0267347 0.0263121 0.026082 0.0257849 0.0255991 0.0259159 0.0262322 0.0264385 
0.0392131 0.0323444 0.0287366 0.0252259 0.0250566 0.0252062 0.0259814 0.0271861 0.0260982 0.0255078 0.0252163 0.0247614 0.0251823 0.026006 0.0264206 0.02669 0.0262923 0.0259895 0.0257189 0.0255764 0.0258747 0.0262229 0.0264996 
0.0391504 0.0318385 0.0283871 0.0250906 0.024928 0.0251035 0.0258664 0.0269992 0.0259178 0.0253574 0.0250089 0.0247257 0.0251174 0.0258525 0.0262984 0.0265828 0.0261602 0.0258913 0.0256292 0.0254697 0.0257723 0.0261387 0.0263617 
0.0387227 0.0324582 0.0293184 0.0255851 0.0245854 0.025021 0.0256737 0.0268893 0.025799 0.0253205 0.0249618 0.0245855 0.0249838 0.0257694 0.02618 0.0264945 0.0260464 0.0258328 0.0255194 0.0253052 0.0256693 0.0259556 0.0262178 
0.0396614 0.0326007 0.0293408 0.0255784 0.0245867 0.0251313 0.0255429 0.0268509 0.0256387 0.0252848 0.0249129 0.0245464 0.0250717 0.0257572 0.0261566 0.0264716 0.0259785 0.0258103 0.025443 0.0253072 0.0256336 0.0259949 0.0261931 
0.0393288 0.0321253 0.0281255 0.0250616 0.0243335 0.024929 0.0253861 0.0266436 0.0255376 0.0252057 0.0247181 0.0243644 0.0249787 0.0255954 0.0259761 0.0263616 0.0259052 0.0257154 0.0252943 0.0251206 0.0255309 0.0258133 0.0260295 
0.038729 0.0323071 0.0287306 0.0247636 0.0239869 0.0247592 0.025241 0.0264403 0.0255166 0.0252568 0.0245781 0.0243211 0.0249637 0.0254747 0.0258622 0.0262348 0.02581 0.0256035 0.0251998 0.0249589 0.0253747 0.0257015 0.0259389 
0.0392062 0.0323015 0.0282401 0.0248616 0.0240456 0.025027 0.0252085 0.0263413 0.0253309 0.0252229 0.0245833 0.024358 0.0249852 0.0255482 0.0258991 0.0262624 0.0258039 0.0255896 0.0251788 0.0249956 0.0255049 0.0257353 0.0260161 
0.0389639 0.0317931 0.0283504 0.0249789 0.0237702 0.0247387 0.0250947 0.0260634 0.0252994 0.0250729 0.0245132 0.0241924 0.0249032 0.0254547 0.0257327 0.0262016 0.02579 0.0254769 0.025152 0.0249457 0.025338 0.0257045 0.0259125 
0.0387057 0.0324074 0.0287978 0.0250649 0.0237771 0.0246863 0.0249251 0.0260451 0.0253197 0.0249667 0.0244315 0.0240459 0.0248344 0.0253689 0.0256672 0.0261135 0.0256959 0.0253886 0.0250873 0.0248842 0.0252699 0.0255772 0.0257891 
0.0390293 0.0325998 0.0284113 0.0250703 0.0238465 0.0246968 0.0249063 0.0258574 0.0253565 0.024963 0.0244368 0.0240888 0.0248356 0.0253405 0.0256746 0.0260898 0.0256701 0.025395 0.025056 0.0248482 0.0253566 0.025636 0.0258777 
0.0388657 0.0316559 0.0283884 0.0253009 0.0237709 0.0246588 0.0247897 0.0257981 0.0252826 0.0248424 0.0242862 0.0239179 0.0247238 0.0252646 0.0256127 0.0260474 0.0256195 0.0253034 0.024914 0.0247448 0.0252046 0.0255203 0.025785 
0.038548 0.0323063 0.0285397 0.0252719 0.0240504 0.0243991 0.024605 0.025752 0.0253159 0.0247153 0.0242417 0.0238194 0.0245953 0.0251234 0.0254471 0.0259668 0.0254998 0.0251798 0.0247925 0.0246842 0.0250842 0.0254179 0.0256811 
0.0390461 0.0324016 0.0282874 0.0255731 0.024532 0.024237 0.0246463 0.0257954 0.0252331 0.0247202 0.0242406 0.0237677 0.0246753 0.0251921 0.0254875 0.0259643 0.0254978 0.0251501 0.0247859 0.0247025 0.0251268 0.0254751 0.0256683 
0.0387964 0.031696 0.0280566 0.0256137 0.024316 0.0241315 0.0244979 0.0258258 0.0251652 0.0247063 0.024096 0.0236643 0.0245985 0.0251018 0.0253639 0.0258361 0.0254084 0.0250646 0.0247106 0.0246106 0.0250649 0.0252999 0.0255697 
0.0386905 0.0318705 0.0279806 0.0256078 0.0243276 0.0240501 0.0243745 0.0258255 0.0251376 0.0246681 0.0240555 0.0235844 0.024399 0.0250184 0.0252208 0.0257496 0.025266 0.0249401 0.0246405 0.0245253 0.0249793 0.0252913 0.0254767 
0.0389029 0.0317991 0.0279821 0.0256838 0.024755 0.0239541 0.0244214 0.0258095 0.0250519 0.0245397 0.0240165 0.0236493 0.0244378 0.0249708 0.0252783 0.025754 0.0253114 0.0249714 0.0246266 0.0245688 0.0249658 0.0252749 0.0255069 
0.0385504 0.031509 0.0278328 0.0257391 0.024301 0.023955 0.0242917 0.0257555 0.0249295 0.0244763 0.0239331 0.0235268 0.0244119 0.0248595 0.0251895 0.0257024 0.0251817 0.0249176 0.0244887 0.0245484 0.0249694 0.0251715 0.0254352 
0.0385757 0.0315937 0.0278428 0.0257 0.0242261 0.0239114 0.0242564 0.0257342 0.0248464 0.024356 0.0237767 0.0235119 0.0242909 0.0248369 0.0250769 0.025619 0.0251449 0.0247752 0.0244982 0.0244634 0.0248243 0.0251216 0.0253505 
0.0386954 0.0317655 0.0278361 0.025589 0.0240505 0.0238877 0.0242121 0.0257542 0.0248285 0.0243362 0.0237466 0.0235044 0.0243363 0.0248216 0.0251136 0.0256022 0.0251142 0.0247975 0.0244578 0.0245237 0.0248367 0.0251448 0.0253739 
0.0384832 0.0313969 0.0278123 0.0256263 0.0238695 0.0239094 0.0242074 0.0256823 0.0247704 0.0242873 0.0236788 0.0235133 0.0242772 0.0247636 0.0250162 0.0254634 0.025013 0.0247452 0.0243662 0.0243622 0.0247939 0.0250839 0.0252629 
0.0384012 0.0313266 0.0278665 0.025569 0.0239177 0.0237807 0.0240136 0.0255881 0.0247788 0.0241472 0.0235895 0.0235113 0.024227 0.0247113 0.0249076 0.0254474 0.0249376 0.0246143 0.0242866 0.024372 0.0246832 0.0250078 0.0252057 
0.0384674 0.0314835 0.02819 0.0256688 0.0237807 0.0238412 0.0240771 0.0255738 0.0246735 0.0241438 0.0235774 0.0236803 0.0242589 0.0246957 0.024931 0.0253827 0.0249017 0.0245966 0.0243265 0.0243985 0.0247459 0.0249894 0.0252065 
0.038316 0.0314038 0.0283064 0.0257183 0.0235802 0.023723 0.0239669 0.0255449 0.0246429 0.024007 0.0234472 0.0235747 0.0241773 0.024653 0.024829 0.0253387 0.0249117 0.0245179 0.0242354 0.0244478 0.024669 0.0249238 0.0251175 
0.038369 0.0313026 0.0284386 0.0256691 0.023446 0.0236575 0.0239015 0.0253831 0.0244952 0.0240033 0.023401 0.0235867 0.0241545 0.0245322 0.0247573 0.0252043 0.0247409 0.0244481 0.0241569 0.0242997 0.0245759 0.0248206 0.0250655 
0.0384276 0.031456 0.0286603 0.0257131 0.0233562 0.0235747 0.0239379 0.0253829 0.0244264 0.0239145 0.0233391 0.0235854 0.0241741 0.0245277 0.0247764 0.0252162 0.0247611 0.0244432 0.0241636 0.0243595 0.0245774 0.0248589 0.025029 
0.03838 0.0312683 0.0286479 0.0256429 0.0233018 0.0234797 0.0238657 0.0252963 0.0243837 0.0238613 0.0233622 0.0235864 0.0240549 0.0244456 0.0246913 0.0252099 0.0246766 0.0243805 0.0242434 0.0242593 0.0245654 0.0247628 0.0249813 
0.0382494 0.0313182 0.0287379 0.0256963 0.0230717 0.0235407 0.0238082 0.0252138 0.0243162 0.0237885 0.0233004 0.0235347 0.0240565 0.0243861 0.0246006 0.0251755 0.024597 0.024323 0.0241449 0.0242194 0.024497 0.0247088 0.0249028 
0.0383746 0.0316599 0.0288501 0.0259014 0.0230973 0.0234361 0.023785 0.0251937 0.0242617 0.0237076 0.0233161 0.0235062 0.0240907 0.0244224 0.0246446 0.0251356 0.0245691 0.0243064 0.0241369 0.0243031 0.0244583 0.0247137 0.0249323 
0.0384108 0.0313039 0.0288285 0.0259007 0.0228952 0.0233696 0.0237195 0.0250926 0.0242112 0.0236345 0.0233039 0.023491 0.0240474 0.0242757 0.0246656 0.0250044 0.0245387 0.0242411 0.0240686 0.0242718 0.024447 0.0246339 0.0248668 
0.0383418 0.0314878 0.0288644 0.0259212 0.0228744 0.0232578 0.0237204 0.0250207 0.0241523 0.0236194 0.0233718 0.0234398 0.0238961 0.0242434 0.0244499 0.0249088 0.0244835 0.0242168 0.024042 0.0242074 0.0243712 0.0246291 0.0248167 
0.0384304 0.0317699 0.0288465 0.0263133 0.02294 0.0232959 0.0237144 0.0251434 0.0240621 0.0235313 0.0233713 0.0235054 0.0239245 0.0242752 0.024461 0.0249386 0.0244762 0.024299 0.0241048 0.0242784 0.0244136 0.0246352 0.0248315 
0.0384383 0.0315391 0.0289018 0.0262886 0.0227557 0.0231795 0.0236859 0.0250856 0.0240463 0.0235494 0.0234243 0.0234928 0.0238626 0.0241938 0.0244498 0.0248771 0.024465 0.0241464 0.0240756 0.0240966 0.0243274 0.0245095 0.0247118 
0.0384918 0.0318205 0.0290085 0.0262575 0.022543 0.0232132 0.0235989 0.0250696 0.0239602 0.0234577 0.023392 0.0234934 0.023815 0.0241568 0.0244153 0.0248522 0.0243598 0.024145 0.0240084 0.0241015 0.0242555 0.0244135 0.0246144 
0.0384339 0.0320318 0.0288887 0.0261799 0.0229348 0.0231614 0.0235953 0.025058 0.0239082 0.0234664 0.0234734 0.0235538 0.0238182 0.0240856 0.0243807 0.0248387 0.0243612 0.0241479 0.0240342 0.0241149 0.0243023 0.0244601 0.0246449 
0.0385202 0.0318178 0.0288692 0.026056 0.0226909 0.0231391 0.0235759 0.0250595 0.0238757 0.0235794 0.0234183 0.0234479 0.0237446 0.0240303 0.024295 0.02471 0.0243066 0.0242206 0.0240109 0.0241076 0.0242364 0.0243626 0.0245878 
0.0384021 0.0322422 0.0289727 0.0260366 0.0236902 0.0230765 0.0234971 0.0251159 0.023807 0.0234702 0.0233379 0.0234293 0.0236706 0.024003 0.0242852 0.0247298 0.0242286 0.0240052 0.0240113 0.0239987 0.0241753 0.0244117 0.0245204 
0.0383827 0.0322344 0.0287322 0.0263501 0.0240681 0.0230426 0.0234807 0.0249958 0.0237681 0.0234668 0.0232396 0.0234241 0.0237042 0.0240254 0.0242499 0.0247115 0.024247 0.0240771 0.0240329 0.0240588 0.0242318 0.0243747 0.0245713 
0.0386403 0.032724 0.0295963 0.0262604 0.0234962 0.0229939 0.0234626 0.050006 0.0338726 0.0248943 0.0235923 0.0250847 0.0238619 0.0240696 0.0241916 0.0246341 0.0242206 0.0241496 0.0239816 0.024303 0.0240983 0.0246023 0.0244959 
0.0388078 0.0322269 0.0293572 0.0260417 0.0235374 0.0229105 0.0248655 0.0253997 0.023654 0.0235623 0.0232955 0.0233337 0.0235414 0.0238048 0.024146 0.0245811 0.0241333 0.023993 0.0239577 0.0239518 0.0241244 0.0242369 0.0244025 
0.038488 0.032171 0.0285853 0.0264397 0.0239338 0.0229232 0.0233334 0.0250255 0.0237136 0.0235307 0.0232944 0.0233103 0.0235799 0.0238613 0.0241218 0.0245346 0.0240995 0.0239789 0.0240297 0.0240046 0.0240637 0.0242643 0.0244064 
0.0384062 0.0320485 0.0285857 0.0263658 0.0239037 0.0228483 0.023325 0.0249879 0.0237829 0.023609 0.0232415 0.0233219 0.023573 0.0238316 0.0241065 0.0244743 0.0242181 0.0240037 0.0239668 0.0239131 0.0240103 0.0242073 0.0243468 
0.0384363 0.0321394 0.0286199 0.0258789 0.0237728 0.0227251 0.0232902 0.0250015 0.0237736 0.0234768 0.0233153 0.0232275 0.0234534 0.0237602 0.024026 0.024482 0.0240375 0.0238866 0.023968 0.0238911 0.0239233 0.0240763 0.0242682 
0.0384932 0.0320381 0.0284813 0.0255986 0.0232722 0.0227359 0.0233172 0.0249782 0.023887 0.0233178 0.0233507 0.0232634 0.0234482 0.023751 0.0241014 0.0245041 0.0240393 0.0239266 0.0239507 0.0239138 0.0239987 0.0240915 0.0242917 
0.0385793 0.0319242 0.0285481 0.0257992 0.0237651 0.0226487 0.0233013 0.024958 0.0239188 0.0234381 0.0233651 0.0232727 0.0233545 0.0236071 0.0239957 0.0244345 0.024178 0.0238869 0.0239429 0.0239036 0.0238933 0.0240847 0.0242536 
0.0386519 0.0318815 0.0285655 0.0252031 0.0232819 0.0224946 0.0232592 0.0250311 0.023981 0.0233805 0.023448 0.0231915 0.0233411 0.02362 0.0239301 0.0243825 0.0240553 0.023839 0.0239053 0.0237897 0.0238633 0.023974 0.0242083 
0.0386632 0.0319455 0.0285319 0.0254073 0.0230136 0.0225705 0.0232285 0.025027 0.0240415 0.0233003 0.0235011 0.0231839 0.0233155 0.0236208 0.023942 0.024401 0.0241074 0.023976 0.023908 0.0238194 0.0238864 0.0240237 0.0242004 
0.038761 0.0316797 0.0285299 0.0248032 0.0228534 0.0224579 0.0232233 0.0250306 0.0241396 0.0232398 0.0234988 0.0231262 0.0233161 0.0235529 0.0239217 0.0243571 0.0240093 0.0238974 0.0238949 0.0237623 0.0239241 0.0239812 0.0241699 
0.0387217 0.0316583 0.0285222 0.0248065 0.0229114 0.0224266 0.0231669 0.0250148 0.0241867 0.0232416 0.0234479 0.0231088 0.0232136 0.0235264 0.0238384 0.0243308 0.0240242 0.023887 0.0238481 0.0237163 0.0238093 0.0238731 0.024104 
0.0387312 0.0316938 0.0286823 0.0249043 0.0228037 0.0224213 0.0231449 0.0251852 0.0241634 0.0234025 0.0234205 0.0231088 0.0232465 0.023569 0.0238788 0.0242721 0.0239913 0.0239298 0.0239059 0.0237815 0.0238271 0.0239855 0.0241531 
0.0387467 0.0316231 0.0287305 0.024873 0.022567 0.022338 0.0231479 0.0252713 0.0242337 0.0233758 0.0234193 0.0230556 0.0231499 0.023477 0.0238615 0.0242875 0.0239835 0.0238502 0.0238169 0.0236841 0.0237303 0.0238883 0.0240815 
0.0386428 0.0315118 0.0285946 0.0247476 0.0227613 0.0223017 0.0230935 0.0252582 0.0242689 0.0234028 0.0233378 0.0231152 0.0231431 0.023428 0.0237652 0.0242705 0.0239517 0.0238975 0.0238128 0.0236367 0.0237536 0.0238856 0.0240429 
0.0387322 0.031597 0.0285587 0.024529 0.0226818 0.0223162 0.0230601 0.025345 0.0242037 0.0236208 0.0233533 0.023049 0.0231024 0.0233995 0.0237664 0.0242844 0.0238975 0.0238886 0.0237571 0.0236769 0.0237232 0.023825 0.0240741 
0.0385779 0.0315096 0.0281824 0.0248153 0.022701 0.0221892 0.023041 0.0254315 0.0241995 0.0236248 0.0232927 0.0230751 0.0230702 0.0233788 0.0237501 0.0242433 0.0239177 0.0238599 0.023749 0.0236348 0.0236045 0.0237929 0.024009 
0.038492 0.0315532 0.0283801 0.0249322 0.0226447 0.0222175 0.0230128 0.0254194 0.0242235 0.0236932 0.0233157 0.0230317 0.0229951 0.0233343 0.0237005 0.0242666 0.0238678 0.0238801 0.0238186 0.0235395 0.0235819 0.0237758 0.0239715 
0.0384821 0.0314734 0.0284644 0.0243423 0.0225734 0.0221856 0.0230306 0.0254691 0.0242262 0.023773 0.0232426 0.0230488 0.0230198 0.0233519 0.0237131 0.0242037 0.0239727 0.0239299 0.0237632 0.0236153 0.0236887 0.023748 0.0239793 
0.0384043 0.0314627 0.0278314 0.0241968 0.0226808 0.0221774 0.0229983 0.0255262 0.0242828 0.0238547 0.0231856 0.0230165 0.0230189 0.0233001 0.0236794 0.0241787 0.0239398 0.023884 0.0236744 0.0235771 0.0235556 0.0237544 0.0239458 
0.0383365 0.0314853 0.0280073 0.0246275 0.0225926 0.0221461 0.0229697 0.0254411 0.0242539 0.0238436 0.023175 0.0229779 0.0229961 0.0232372 0.0236376 0.0241431 0.0239364 0.0238814 0.0237597 0.0234756 0.0234329 0.0236456 0.0239141 
0.0383052 0.031611 0.0280963 0.0242018 0.0228204 0.0221583 0.0229608 0.025401 0.0241969 0.0238621 0.0231959 0.0229533 0.0229554 0.0232328 0.0236535 0.0241504 0.0239101 0.0238635 0.0236924 0.0235334 0.0236032 0.0237211 0.0239085 
0.038286 0.0313774 0.0278664 0.0243856 0.0227618 0.0221023 0.0229456 0.025429 0.0242904 0.0238152 0.0232415 0.0229446 0.0228771 0.0232478 0.0236656 0.0241247 0.0239158 0.0238368 0.0236672 0.0234509 0.0234759 0.0236674 0.0238919 
0.0381937 0.031446 0.0278405 0.024432 0.0228171 0.0220797 0.0229721 0.0253757 0.0242782 0.0238324 0.0230908 0.0228884 0.0228846 0.0232098 0.023599 0.0241197 0.0239196 0.0238247 0.0236468 0.0234331 0.0234802 0.0236182 0.0238434 
0.0382171 0.0317468 0.0279729 0.0244892 0.0229101 0.022038 0.022923 0.0254001 0.0244364 0.0238191 0.0231684 0.0229075 0.0228444 0.023183 0.0235905 0.0241544 0.0239667 0.0237943 0.0236142 0.0234211 0.0233905 0.0236402 0.0238864 
0.0382743 0.0312657 0.0277229 0.024445 0.0226207 0.0220549 0.0229038 0.0253893 0.0245713 0.0238173 0.0231404 0.0228247 0.0228175 0.023188 0.0235892 0.0240298 0.0239798 0.023799 0.0236155 0.0234254 0.0233642 0.0236299 0.0238172 
0.0381042 0.0316567 0.0274951 0.0245468 0.0227465 0.0220045 0.0228376 0.0253273 0.02459 0.023723 0.0231637 0.0227752 0.0227597 0.0231644 0.0235579 0.0240531 0.023844 0.0238089 0.0236002 0.0233087 0.0233419 0.0235657 0.0238054 
0.0382712 0.0315736 0.02777 0.024777 0.0226664 0.0219677 0.0229037 0.025393 0.0252262 0.0295282 0.050195 0.0262313 0.0243578 0.0233959 0.0235755 0.0241427 0.0239018 0.023759 0.0235613 0.0233716 0.0233462 0.0235802 0.0238587 
0.0381061 0.0310407 0.0274797 0.0243992 0.0226285 0.0220653 0.0228417 0.0255324 0.0247774 0.0237231 0.0231141 0.0227265 0.0227019 0.0231329 0.0235284 0.0240686 0.0238939 0.0237659 0.0236014 0.0233009 0.0233458 0.0235507 0.0237771 
0.0380858 0.0314524 0.0275838 0.0246208 0.0226806 0.0219197 0.0227936 0.0253683 0.0246823 0.0235578 0.0230969 0.02274 0.0227231 0.0231016 0.0234918 0.0239957 0.0238788 0.0237353 0.0234754 0.0232356 0.0233278 0.0234796 0.0237375 
0.0381426 0.0314522 0.027608 0.0249679 0.0227394 0.0219509 0.0228111 0.0254338 0.0247666 0.0235658 0.0230548 0.022648 0.0226638 0.0230816 0.0235273 0.0240873 0.0239334 0.02376 0.0235159 0.0232675 0.0232923 0.0235191 0.0237312 
0.0382965 0.0305939 0.0273847 0.0249262 0.0227411 0.0218957 0.022744 0.0256052 0.0247564 0.0234384 0.0231151 0.0227006 0.0226728 0.0230456 0.0235282 0.0240258 0.0238438 0.0237067 0.0235244 0.0232391 0.0232391 0.0235248 0.0237267 
0.0380563 0.0308975 0.0281049 0.0246771 0.0226317 0.0219182 0.0227408 0.0256596 0.0247453 0.0234696 0.0230339 0.0225425 0.0225996 0.023061 0.0234212 0.0240487 0.0237901 0.0237217 0.0234066 0.0232402 0.0231985 0.023453 0.0236671 
0.0381675 0.0308725 0.0277472 0.0247023 0.0226212 0.021893 0.0227403 0.0256586 0.0247474 0.0233735 0.0230197 0.0225258 0.0225986 0.0229995 0.0234319 0.024022 0.0238253 0.0237229 0.0234351 0.0232448 0.0231691 0.0234859 0.0237191 
0.0383106 0.0306787 0.027419 0.0246604 0.022677 0.0219496 0.022725 0.0256482 0.0246888 0.0234287 0.0230645 0.0224892 0.0225961 0.0230099 0.023434 0.0240359 0.0237284 0.0237044 0.0234601 0.0231836 0.0231836 0.0234167 0.0236798 
0.0380203 0.03073 0.02842 0.0247443 0.0225975 0.0219386 0.0226842 0.0257783 0.0246547 0.0233854 0.0229228 0.0224251 0.0225416 0.02299 0.0234367 0.0239868 0.0238203 0.0236442 0.0234142 0.0231159 0.0231884 0.0234106 0.0236482 
0.0382518 0.0309069 0.0281333 0.0244525 0.0226512 0.0219071 0.0226686 0.02581 0.02462 0.0233993 0.0229748 0.0224373 0.0225734 0.0230007 0.0234202 0.0240419 0.0238171 0.0236698 0.0233951 0.023142 0.0231814 0.023445 0.0236523 
0.0381851 0.0305067 0.0279815 0.024533 0.0227058 0.0219329 0.0226696 0.0257744 0.0245588 0.023405 0.0229907 0.0223754 0.0225019 0.0229534 0.023364 0.023994 0.0237532 0.023653 0.0234184 0.0230782 0.023138 0.023398 0.0236168 
0.0380275 0.0306652 0.0283992 0.0247996 0.0226662 0.0219936 0.0226564 0.0258094 0.0245816 0.0233797 0.0229029 0.0223683 0.0224714 0.0229021 0.0233839 0.0240025 0.0237785 0.0236349 0.0233763 0.0230365 0.0230848 0.023383 0.0236229 
0.0380404 0.0308295 0.028273 0.0245651 0.0227151 0.0219899 0.0226704 0.0258408 0.0245544 0.0233897 0.022925 0.0223024 0.0224749 0.0228663 0.0233754 0.0239709 0.0238066 0.0236217 0.0233076 0.023037 0.0230948 0.0233616 0.0236238 
0.0379659 0.0304771 0.0279876 0.024581 0.0226768 0.0219947 0.0226092 0.0257199 0.0245611 0.0233543 0.0228841 0.0222946 0.0224637 0.0229189 0.0233799 0.0240281 0.0238233 0.0235911 0.0233159 0.0230596 0.0230774 0.023348 0.0235796 
0.0377349 0.0305887 0.0282047 0.0247081 0.0227503 0.02203 0.0226448 0.0257999 0.0245131 0.0233531 0.0228746 0.0222632 0.0224285 0.0229367 0.023325 0.0239426 0.0237074 0.0235536 0.0232181 0.0230194 0.0230481 0.0233227 0.0235896 
0.0378694 0.030823 0.0281852 0.0246416 0.0227488 0.022092 0.0226414 0.0256696 0.0245521 0.0234191 0.0227805 0.0222332 0.0224033 0.0228719 0.0233624 0.0239138 0.0237606 0.0235752 0.0232242 0.0229952 0.0230646 0.0233455 0.0235823 
0.0376923 0.0304976 0.0279951 0.0248369 0.0227267 0.0220944 0.0225744 0.0257109 0.0245448 0.0232988 0.0228306 0.0221933 0.0223933 0.022905 0.0233176 0.023912 0.0237924 0.0235716 0.0231873 0.0229561 0.0230155 0.023328 0.0235446 
0.0376215 0.0308732 0.0282106 0.0246709 0.0228028 0.022128 0.0225798 0.0257821 0.0246002 0.0232999 0.0227766 0.0222146 0.0223717 0.0228569 0.0232798 0.0239374 0.0237107 0.0235316 0.0231897 0.0229636 0.0229804 0.0233059 0.023511 
0.0376018 0.03134 0.0279507 0.0246617 0.0228356 0.0221604 0.0226037 0.0257101 0.0245142 0.0232568 0.0227834 0.0221705 0.0223829 0.0228706 0.0232919 0.0239117 0.0237363 0.0235038 0.0231873 0.0229454 0.0230253 0.0232981 0.0235364 
0.037661 0.0305728 0.0276092 0.0245712 0.0227906 0.0221193 0.0225721 0.0256858 0.0245771 0.0232529 0.022685 0.0221416 0.0223302 0.0228277 0.0232565 0.0239304 0.0237802 0.0235294 0.023117 0.0229064 0.022981 0.0232886 0.0235025 
0.0374795 0.0309519 0.0277703 0.0244984 0.022916 0.0221827 0.0225391 0.0257802 0.0245858 0.0232616 0.02265 0.0221374 0.0223213 0.022797 0.0232097 0.023848 0.0237051 0.0234557 0.0230925 0.0228696 0.0229711 0.0232259 0.0234703 
0.037523 0.0313427 0.0276695 0.0245292 0.0228854 0.0221365 0.0225342 0.0257389 0.0246546 0.0232341 0.0225666 0.0221448 0.022283 0.0228974 0.0232716 0.0238207 0.02372 0.0234589 0.0230864 0.0228801 0.0229592 0.0232692 0.0235227 
0.0374228 0.0307861 0.0276206 0.0245517 0.0229791 0.0222353 0.0225313 0.0257248 0.0246888 0.0232584 0.022558 0.0221322 0.0222927 0.0227953 0.0232749 0.0238272 0.0236884 0.0234382 0.0231177 0.0228453 0.0229374 0.0232482 0.0234885 
0.0374068 0.0310206 0.0278184 0.0245338 0.0228738 0.0222094 0.022538 0.0257668 0.0247064 0.0232415 0.0225556 0.0220881 0.0222456 0.0227757 0.0232139 0.0238204 0.0237149 0.0234254 0.0230222 0.0228066 0.0229838 0.023227 0.0234702 
0.0374576 0.0312598 0.0275506 0.0243686 0.0229751 0.0221967 0.0225419 0.0257954 0.0247573 0.0232517 0.0224488 0.0220309 0.0222659 0.022762 0.0232182 0.0238104 0.0237367 0.0233858 0.0229819 0.0228131 0.0229715 0.0232189 0.0234489 
0.0374141 0.0308822 0.0274875 0.0244805 0.0229295 0.0222108 0.0225661 0.0258048 0.0246864 0.0230794 0.0223914 0.0220005 0.0222699 0.0227588 0.0231638 0.0238076 0.0236455 0.0233467 0.0229965 0.0228202 0.0229048 0.0232029 0.0234074 
0.0373986 0.0309588 0.0277071 0.0243999 0.0230869 0.0222224 0.0225739 0.0257734 0.0245865 0.0230536 0.0224124 0.0220061 0.0222276 0.0227448 0.0231778 0.0238843 0.0236342 0.0233216 0.022999 0.0227656 0.0228804 0.023183 0.023386 
0.0374448 0.0311159 0.0277482 0.0245195 0.0230217 0.0222432 0.022557 0.0258222 0.0246297 0.0230447 0.0223198 0.0220246 0.0222385 0.0227558 0.023177 0.0238797 0.0236362 0.023348 0.0229798 0.0227802 0.0228746 0.0231667 0.023444 
0.0375415 0.0307383 0.0275243 0.0244398 0.0229848 0.0222727 0.0225788 0.0258667 0.0245139 0.0231808 0.0223427 0.0220029 0.0222255 0.0227216 0.023194 0.023823 0.023653 0.0233179 0.0229197 0.0227635 0.0229031 0.0231707 0.0233789 
0.0374759 0.0306784 0.027681 0.0244283 0.0229547 0.022331 0.0225777 0.0258308 0.0243617 0.0230967 0.0223064 0.0219296 0.0221884 0.0227158 0.0231281 0.023803 0.0236043 0.0232911 0.0228725 0.0227105 0.0228583 0.0231235 0.0233736 
0.0374714 0.031212 0.0277604 0.0243835 0.0230669 0.0222896 0.0225994 0.0259361 0.0245094 0.0230108 0.0223105 0.021944 0.0222024 0.0227091 0.0231568 0.0238449 0.0236106 0.0233195 0.0229468 0.0227513 0.0228865 0.0231949 0.02342 
0.0376485 0.030687 0.0275459 0.0243948 0.0230755 0.022311 0.0226038 0.025822 0.0245016 0.0230148 0.02231 0.0219427 0.0221763 0.0227136 0.0231063 0.0237714 0.0236196 0.023222 0.0229116 0.0227088 0.0228328 0.0231145 0.0233731 
0.0374336 0.0306744 0.0276798 0.0243322 0.0230514 0.0223118 0.0225854 0.0258888 0.024151 0.0228766 0.0222222 0.0219122 0.0221795 0.022633 0.023098 0.0237793 0.0236118 0.0231703 0.0228653 0.0227217 0.0228419 0.0231046 0.0233196 
0.0375532 0.0309576 0.0277971 0.0243982 0.0231293 0.0223145 0.022588 0.0258135 0.0242666 0.022891 0.0222191 0.0219128 0.0221787 0.0226469 0.0230868 0.0238216 0.0235745 0.0232017 0.0228673 0.0226805 0.022857 0.0231272 0.0233522 
0.0376387 0.030723 0.027477 0.0243537 0.0230785 0.0223644 0.0226266 0.0258835 0.0243098 0.022877 0.0222125 0.021918 0.0221492 0.0226941 0.0230748 0.0237197 0.0234925 0.0231851 0.0228399 0.0227077 0.0228254 0.0231125 0.0233408 
0.0374139 0.0305921 0.0276494 0.0243456 0.0231769 0.0223946 0.0226295 0.0258576 0.0241804 0.0227967 0.022222 0.0219085 0.0221419 0.0226325 0.0230502 0.0237513 0.0235274 0.023148 0.0228227 0.0227023 0.0227978 0.0230839 0.0233374 
0.0375928 0.0309082 0.0277104 0.0243133 0.0231347 0.0223841 0.0226386 0.0257794 0.0241263 0.0228096 0.0221767 0.0218747 0.0221305 0.0226449 0.0230684 0.0237944 0.0235039 0.0231542 0.022793 0.0226472 0.0227981 0.0231111 0.023315 
0.0374093 0.0306766 0.0274856 0.0244235 0.0231288 0.0223871 0.0226446 0.0258036 0.0240473 0.0226945 0.0222141 0.0218566 0.0221365 0.0226199 0.0230719 0.0237141 0.0235012 0.0231518 0.0228211 0.0226255 0.0228016 0.0230632 0.0232751 
0.0373618 0.0306811 0.0274532 0.0243571 0.023166 0.0224047 0.0226364 0.025764 0.0238332 0.0226119 0.0221748 0.0218536 0.0221111 0.0226024 0.0230578 0.0237685 0.0234744 0.0230344 0.0227718 0.0226314 0.0227646 0.0230424 0.0232864 
0.0375529 0.030907 0.0275519 0.0243687 0.0231887 0.0224267 0.0226309 0.0257989 0.0238706 0.0226664 0.0221731 0.0218394 0.0221214 0.0226026 0.0230646 0.023713 0.0235004 0.0230892 0.0228116 0.0226125 0.0227831 0.0230526 0.0233022 
0.0374862 0.0304966 0.0273373 0.0244359 0.0232213 0.0224121 0.0226463 0.0257161 0.0237278 0.0226314 0.0221911 0.0218339 0.0221104 0.0225934 0.02302 0.0237443 0.023391 0.023068 0.0227778 0.022639 0.0227566 0.0230332 0.0232588 
0.0373041 0.030601 0.0277014 0.0244403 0.0232152 0.0224485 0.0226663 0.0256921 0.0234797 0.0225778 0.0220815 0.0218369 0.0220864 0.0225707 0.0230366 0.0237231 0.0234342 0.0230115 0.0227641 0.0225912 0.0227311 0.0230039 0.0233123 
0.0373685 0.0307135 0.0275637 0.0244363 0.0232739 0.0224561 0.022686 0.0257617 0.0235542 0.022488 0.0220842 0.0218388 0.0220851 0.0225889 0.0230255 0.0236536 0.0234654 0.0230786 0.0227884 0.022591 0.0227548 0.0230078 0.023316 
0.03734 0.0306218 0.0275344 0.0243359 0.023269 0.0224827 0.0226749 0.0256666 0.0234692 0.0225686 0.0220891 0.0217886 0.0220672 0.0225821 0.0230428 0.0236957 0.0233721 0.0230292 0.0227478 0.022607 0.0227526 0.0230401 0.0232584 
0.0372504 0.0307196 0.0276101 0.024385 0.0232518 0.0224808 0.0226788 0.0256593 0.0235049 0.0225059 0.0220511 0.0217819 0.0220616 0.0225654 0.0230209 0.0236799 0.0233365 0.0230129 0.0227388 0.0225974 0.0227151 0.0230062 0.023207 
0.0372979 0.0307364 0.0274225 0.0244249 0.0232016 0.0224956 0.0226943 0.0256155 0.0233724 0.0225273 0.0220891 0.0218017 0.0220676 0.0225449 0.0229888 0.0236732 0.0233897 0.0230298 0.022736 0.0225709 0.0227414 0.0230031 0.0232414 
0.0372373 0.0306512 0.0276102 0.0244939 0.0232878 0.0225007 0.0226996 0.025624 0.0233212 0.0224534 0.0220183 0.0217854 0.0220634 0.0225519 0.0230203 0.0236332 0.0233315 0.0229781 0.0226969 0.0225633 0.0226955 0.0230173 0.0232432 
0.0372277 0.0306517 0.0275254 0.0244402 0.0233617 0.0225859 0.0226897 0.0255715 0.0231796 0.0224301 0.0220409 0.0217894 0.0220357 0.0225095 0.0229366 0.0236664 0.0233106 0.0229613 0.0227171 0.0225692 0.0226917 0.0229634 0.0232539 
0.0371903 0.0307826 0.0275322 0.0245031 0.0233479 0.0225517 0.022683 0.0256412 0.0230858 0.0224396 0.0220208 0.0217208 0.0220319 0.0225351 0.0229757 0.0236487 0.0232619 0.0229281 0.0227131 0.0225409 0.0227065 0.0229799 0.0231798 
0.0371356 0.0306404 0.0273698 0.0244952 0.0233319 0.0225418 0.0226839 0.0255975 0.0232578 0.0224075 0.0219868 0.0217574 0.0220565 0.0225447 0.0229773 0.0236412 0.0232715 0.0229125 0.0226945 0.0225411 0.0227006 0.0229816 0.023177 
0.0370899 0.030698 0.0273891 0.0245197 0.0233433 0.0225223 0.0226743 0.0255659 0.0231445 0.0223946 0.021977 0.0217094 0.0219903 0.0224916 0.022957 0.0236036 0.0231639 0.0228817 0.0227032 0.0224865 0.0226607 0.0229653 0.0231657 
0.0371261 0.0306692 0.0274619 0.0245134 0.0233462 0.0225523 0.0227009 0.0255825 0.0231571 0.0223735 0.021971 0.0217685 0.022101 0.0225153 0.0229192 0.0236291 0.0232183 0.022912 0.0227121 0.0225271 0.0226977 0.0229482 0.0231888 
0.037143 0.0305819 0.0275248 0.0245963 0.023378 0.0226263 0.0227335 0.0254665 0.0230035 0.0223844 0.0219574 0.0217187 0.0220215 0.0225367 0.0229433 0.0236848 0.0232573 0.0228859 0.0226616 0.0225581 0.022704 0.0229222 0.0231728 
0.0371754 0.0305528 0.0272422 0.0245254 0.0233571 0.0225792 0.0227426 0.0255647 0.0230539 0.022351 0.0220137 0.0217401 0.0219606 0.0224826 0.0229145 0.0236027 0.0232405 0.0228844 0.0226226 0.0225328 0.0226672 0.0229189 0.0231593 
0.0371021 0.0306213 0.0272568 0.0246158 0.0233491 0.0225946 0.022741 0.0255611 0.0229993 0.0223785 0.0219904 0.0217052 0.0219862 0.0225198 0.0229297 0.0235798 0.02316 0.0228654 0.0226486 0.022484 0.0226694 0.0229522 0.0231787 
0.0370792 0.030591 0.0273377 0.0245669 0.0234222 0.0225978 0.0227725 0.0254599 0.0230101 0.0223894 0.0219812 0.0217153 0.0219878 0.0224711 0.022923 0.0235734 0.0231691 0.0228483 0.0226281 0.0224856 0.0226804 0.0228923 0.0231471 
0.0370687 0.030577 0.0272055 0.0246329 0.023395 0.0226189 0.0227204 0.0255023 0.0229473 0.0223303 0.0219953 0.0216717 0.0219893 0.0224316 0.0228929 0.0234993 0.0231198 0.0228554 0.0226276 0.0224676 0.0226199 0.022878 0.023123 
0.0371008 0.0306529 0.0272994 0.0245766 0.0234529 0.0226137 0.0227136 0.0253924 0.0229786 0.0223085 0.0219637 0.0216634 0.0219658 0.0224855 0.0228992 0.0235571 0.0230644 0.0228379 0.0226152 0.0224729 0.0225943 0.0229121 0.0231443 
0.0371544 0.030632 0.0273381 0.0246735 0.023446 0.0226202 0.0227143 0.025422 0.0229192 0.0223093 0.0219466 0.0216874 0.021951 0.022457 0.0229102 0.0234943 0.0230828 0.0228287 0.0226031 0.0224688 0.0226397 0.022927 0.0231355 
0.0370551 0.0306143 0.0273521 0.0246999 0.0234948 0.0226625 0.022739 0.0251814 0.0229051 0.0223152 0.0219399 0.0216803 0.0219167 0.0224541 0.0228624 0.0235081 0.0230681 0.02281 0.0226375 0.0224881 0.0226054 0.0228631 0.0231247 
0.0371037 0.0306954 0.0272573 0.0247822 0.0234304 0.0226808 0.0227874 0.0253138 0.0230045 0.0223361 0.0219385 0.021641 0.0219116 0.0224099 0.0228657 0.0236236 0.0230613 0.0228344 0.022626 0.0224609 0.0225956 0.0228919 0.0231619 
0.0371122 0.03051 0.0272329 0.0246689 0.0235009 0.02266 0.0227609 0.0252357 0.0229788 0.0222912 0.0219171 0.0216663 0.0219335 0.0224494 0.0228912 0.0234753 0.0230629 0.0228236 0.0225787 0.0224495 0.0226005 0.0228587 0.0230839 
0.0370536 0.030527 0.027303 0.0247039 0.0234892 0.0226473 0.0227696 0.0251847 0.0230049 0.0223028 0.0219199 0.021652 0.0218944 0.0224178 0.0228219 0.0234763 0.0230155 0.0228027 0.0225945 0.0224482 0.0225885 0.0228329 0.0231423 
0.0370473 0.030472 0.0272673 0.0247545 0.0234886 0.0226777 0.0227604 0.0252126 0.0229272 0.0222645 0.0218839 0.0216445 0.0219105 0.0224234 0.0228388 0.0235292 0.0230377 0.0228636 0.0225532 0.0224339 0.0225862 0.0228689 0.0231136 
0.0370718 0.0304268 0.0272316 0.0246871 0.0235259 0.0227097 0.0227933 0.025039 0.0229729 0.0222774 0.021918 0.0216797 0.0219081 0.0223863 0.0228523 0.0235026 0.0230133 0.0227732 0.0225781 0.0224487 0.0225677 0.0228513 0.0230805 
0.0371022 0.030478 0.0273083 0.0247272 0.0234766 0.0226877 0.0227699 0.0250389 0.0229662 0.0222863 0.0219103 0.0216061 0.0218864 0.0223803 0.0228657 0.023425 0.0230066 0.0227601 0.022517 0.0223987 0.0225464 0.0228245 0.0230554 
0.0370554 0.0304983 0.0273008 0.0247415 0.0235191 0.0226849 0.0227918 0.0250465 0.0229356 0.0222263 0.0218508 0.0215846 0.021854 0.022388 0.0228655 0.0233956 0.0229748 0.0227556 0.022535 0.0224181 0.0225464 0.0228503 0.0230824 
0.0371014 0.0305318 0.0274025 0.0247901 0.0235237 0.0227289 0.0227514 0.0248178 0.023038 0.0222393 0.021883 0.021588 0.0218842 0.0223526 0.0228047 0.0233613 0.0229627 0.022779 0.0225627 0.0223796 0.0225477 0.0228207 0.0230697 
0.0370981 0.0304235 0.027336 0.0247511 0.0235201 0.0227088 0.022768 0.0248205 0.0230214 0.0222481 0.0218572 0.0216101 0.0218784 0.0223714 0.0228107 0.023385 0.0229446 0.0227596 0.0224852 0.0224476 0.0225203 0.0227957 0.0230592 
0.037005 0.0303823 0.0274237 0.0247695 0.0235796 0.0227407 0.0228291 0.0247132 0.0230301 0.022268 0.0218877 0.0216004 0.0218979 0.0223723 0.0227951 0.0233719 0.0229912 0.0227341 0.0225202 0.0223669 0.0225203 0.0228117 0.0230355 
0.0370628 0.0304725 0.0272992 0.0247629 0.0235617 0.022732 0.0227876 0.0247899 0.0230569 0.022278 0.0218896 0.0215552 0.0218655 0.0223477 0.0227817 0.0233424 0.0229101 0.0227545 0.022526 0.0223384 0.022518 0.0227951 0.0230454 
0.0370555 0.0305031 0.0273495 0.0248159 0.0236035 0.0227153 0.0227821 0.024568 0.0231238 0.0222924 0.0218892 0.0215618 0.0218644 0.0223419 0.0227763 0.0233066 0.0229199 0.0227256 0.0224785 0.02236 0.0225061 0.0227849 0.0230317 
0.0370029 0.0306025 0.027361 0.0248216 0.0236118 0.0227511 0.0227986 0.024603 0.0230736 0.0222722 0.0218601 0.021605 0.0218241 0.0223464 0.022775 0.0233427 0.0229184 0.0227244 0.022507 0.0223598 0.0225212 0.0228058 0.0230118 
0.0370662 0.0304192 0.0273423 0.024879 0.0236243 0.0227508 0.0228137 0.024409 0.0231137 0.022298 0.0218368 0.0215935 0.0218391 0.0223299 0.0227662 0.0232886 0.0229075 0.0227176 0.0225096 0.0223616 0.0224993 0.0227835 0.0230058 
0.0370755 0.0304348 0.0273913 0.0247975 0.0235803 0.0227709 0.0227898 0.0244858 0.0230796 0.0222942 0.0218384 0.0215876 0.0218038 0.022344 0.0227403 0.0232491 0.022885 0.0227092 0.0224592 0.0223486 0.0224944 0.022759 0.0230001 
0.0370558 0.0305062 0.0273849 0.0248781 0.0236155 0.0227835 0.022791 0.0243652 0.0231832 0.0223592 0.0218345 0.0215612 0.0218074 0.0223348 0.0227671 0.023185 0.0228948 0.0227302 0.0224771 0.0223405 0.0224717 0.0227622 0.0230206 
0.0370449 0.0305066 0.027373 0.024809 0.0236306 0.0227949 0.0228099 0.0244224 0.0232686 0.0223293 0.0218436 0.0215716 0.0218451 0.0223167 0.022765 0.0232056 0.0229202 0.0226661 0.0224935 0.0223301 0.0224518 0.0227528 0.0229978 
0.0370414 0.0304373 0.0274602 0.024901 0.0236131 0.0227951 0.0228051 0.0244651 0.0231904 0.0223414 0.021792 0.0216068 0.0218071 0.0223069 0.0227343 0.023176 0.0228696 0.0226955 0.0224781 0.0223118 0.0224601 0.0227497 0.0229776 
0.0369986 0.0305167 0.0274402 0.0248116 0.02366 0.0228175 0.0228346 0.02429 0.0230981 0.0224153 0.0218279 0.0215236 0.0217823 0.0223055 0.0227742 0.0231761 0.0228821 0.022681 0.0224826 0.0223175 0.0224705 0.0227312 0.022971 
0.0370359 0.0305142 0.0274379 0.0248999 0.0236776 0.0228093 0.0228273 0.024334 0.023169 0.0223981 0.0217863 0.0215195 0.0217862 0.0222962 0.0227482 0.0231271 0.0228956 0.0226733 0.0224576 0.0223201 0.0224542 0.0227661 0.0229551 
0.0370649 0.030621 0.0274399 0.0248596 0.0236967 0.0228194 0.0227971 0.0242941 0.0231442 0.0224247 0.0218332 0.02153 0.0218038 0.0223025 0.0227546 0.0231521 0.022894 0.0226694 0.0224282 0.0223003 0.0224521 0.0227417 0.022972 
0.0370563 0.0305387 0.0274502 0.0248516 0.0236765 0.0228349 0.0228175 0.0242542 0.0231179 0.0224306 0.0217812 0.0215143 0.0217801 0.0222973 0.022748 0.0231481 0.0228794 0.0226679 0.0224495 0.0223562 0.0224418 0.0227512 0.0230134 
0.0370012 0.0305593 0.0274378 0.0248443 0.0236919 0.0228641 0.0228131 0.024169 0.0231307 0.022468 0.0217607 0.021544 0.0218188 0.0222856 0.0227101 0.0230953 0.0228278 0.0226572 0.022412 0.0223065 0.0224612 0.0227239 0.0229739 
0.0370226 0.0304478 0.0274693 0.0249435 0.0236785 0.0228284 0.0228189 0.0241823 0.0231551 0.022465 0.0217656 0.021541 0.0217773 0.0222902 0.0227027 0.0230747 0.0228111 0.0226547 0.0224484 0.0222896 0.0224337 0.0227053 0.0229669 
0.0370151 0.0305114 0.0274487 0.0249268 0.0237294 0.0228258 0.0228451 0.0242598 0.0231471 0.0224653 0.02176 0.0215411 0.021747 0.0223004 0.022714 0.0230651 0.0228701 0.0226421 0.0224125 0.022297 0.0224467 0.0227361 0.022984 
0.0370353 0.0305277 0.0275077 0.0249527 0.0237051 0.0228649 0.0228181 0.0242685 0.0232142 0.0224634 0.0217451 0.0214884 0.0217545 0.0222733 0.0227013 0.0230341 0.0228038 0.0226212 0.0224297 0.0222848 0.0224478 0.0227088 0.0229259 
0.0370602 0.0304693 0.0274619 0.024948 0.0237258 0.0228717 0.0228315 0.0242247 0.0231932 0.0224982 0.0217625 0.0215281 0.021736 0.0222649 0.0226666 0.0230317 0.02281 0.0226496 0.0224075 0.0222746 0.0224537 0.0227303 0.0229837 
0.0370683 0.0305467 0.027518 0.0249739 0.02372 0.0228648 0.0228586 0.0242651 0.0232496 0.0225314 0.0218072 0.0214964 0.0217933 0.0223002 0.022757 0.0231314 0.0228731 0.0226966 0.0225065 0.0223099 0.022448 0.0227959 0.0230311 
0.037124 0.0305911 0.027473 0.0249524 0.023768 0.0229192 0.0228851 0.0243022 0.0233086 0.0225442 0.021813 0.0215161 0.0217875 0.0222843 0.0227155 0.023016 0.0228574 0.0226552 0.0224105 0.0222949 0.0224164 0.0227406 0.022952 
0.0370702 0.030571 0.0275028 0.0249941 0.0237713 0.022907 0.0228905 0.0241874 0.0232897 0.0225518 0.0218489 0.0215228 0.0217775 0.0222965 0.0227232 0.0230349 0.0228267 0.0226885 0.0224574 0.0223012 0.0224493 0.0226854 0.0229137 
0.0371321 0.0305928 0.0275492 0.0249369 0.0237674 0.0228981 0.0228658 0.0242484 0.023266 0.022564 0.0218394 0.0215291 0.0217384 0.0222614 0.0227081 0.0230125 0.0228416 0.0226502 0.0224088 0.0222706 0.0223931 0.0226858 0.0229161 
0.0370622 0.0306001 0.0275025 0.0249585 0.0237715 0.0229091 0.0228679 0.0242997 0.0232869 0.0225539 0.0218907 0.0214483 0.0217294 0.0222473 0.0227359 0.0229942 0.0228329 0.022629 0.0224199 0.0222755 0.0224137 0.0227004 0.0229317 
0.0371771 0.0305641 0.0275788 0.024983 0.0237513 0.0229494 0.0228884 0.0243023 0.023329 0.0225845 0.021858 0.0214912 0.0217697 0.0222408 0.0226743 0.0229591 0.0228503 0.0226514 0.0224257 0.0222739 0.0223853 0.0226609 0.0229156 
0.0371346 0.030623 0.0275491 0.025048 0.023781 0.0229476 0.0228937 0.0242251 0.0233901 0.0226124 0.0219311 0.0215177 0.0217304 0.0222691 0.0226776 0.0230179 0.0228077 0.0226771 0.0224102 0.0222805 0.0224499 0.0227085 0.0229762 
0.037207 0.0306235 0.0276086 0.0250146 0.0237437 0.0229638 0.0229877 0.024276 0.02334 0.0226687 0.0219244 0.0214905 0.0217253 0.0222359 0.0226369 0.0229877 0.0228123 0.0225957 0.0223582 0.022291 0.0223747 0.0226615 0.022938 
0.0371906 0.0305338 0.0275692 0.0250043 0.0237977 0.0229282 0.0228958 0.0242216 0.0233392 0.0226469 0.0219412 0.0214556 0.021737 0.0222404 0.0226648 0.0229776 0.0227784 0.022609 0.0224004 0.0222179 0.0223996 0.0226173 0.0229131 
0.0372229 0.0306418 0.0275849 0.0249965 0.0238041 0.0229366 0.0228774 0.024268 0.0233935 0.0226551 0.0219318 0.0214357 0.0217146 0.0222253 0.0226391 0.0229976 0.0228116 0.0226062 0.0224004 0.0222422 0.022386 0.022651 0.0228852 
0.0370888 0.0305879 0.0275635 0.0250276 0.0237997 0.0229605 0.0228739 0.024285 0.0234183 0.022679 0.021927 0.0214955 0.0217147 0.0221942 0.0226586 0.0229896 0.0227662 0.0225775 0.0223379 0.0222073 0.0223763 0.0226666 0.0229037 
0.0372189 0.0306639 0.027597 0.025056 0.0238012 0.0229738 0.0228761 0.0242222 0.0233434 0.022635 0.0219391 0.0214456 0.0216859 0.0222261 0.0226444 0.0229306 0.0227547 0.0225838 0.0223785 0.0222178 0.0223657 0.0226489 0.0228916 
0.0372106 0.0305632 0.0276286 0.0250491 0.0238072 0.0229396 0.0228757 0.0242341 0.023408 0.0226759 0.0219566 0.0214269 0.0217015 0.0221932 0.0226243 0.0229232 0.0227733 0.022553 0.0223886 0.0222069 0.0223352 0.0226685 0.0228821 
0.0371468 0.0305742 0.0276631 0.0249929 0.0238432 0.022963 0.022862 0.0242091 0.0233596 0.0226828 0.0219889 0.0214362 0.0217014 0.0222109 0.0226241 0.0229326 0.0227568 0.022553 0.0223456 0.0222264 0.0223488 0.0226168 0.0228852 
0.0372098 0.0305945 0.0276294 0.0250258 0.0238651 0.0229782 0.0228817 0.024183 0.0234314 0.0227357 0.0219829 0.0214304 0.0217058 0.0221938 0.0226277 0.0229613 0.0227878 0.0225826 0.0223361 0.0221844 0.022378 0.0226166 0.0228498 
0.0372077 0.0305811 0.0275899 0.0250621 0.0238223 0.0229627 0.0228886 0.0242737 0.0234128 0.0227558 0.0220244 0.0214721 0.0216705 0.0221785 0.0226342 0.0229171 0.0227363 0.0225663 0.0223434 0.0222019 0.0223708 0.022638 0.0228717 
0.037275 0.0307148 0.0276505 0.0250652 0.0238767 0.0229619 0.0228888 0.0242676 0.0234037 0.0227626 0.0220067 0.0215186 0.0216985 0.0221771 0.0226156 0.0228889 0.0227859 0.0225641 0.0223406 0.0222056 0.0223804 0.0226576 0.0228708 
0.0372468 0.0305445 0.0276418 0.0250172 0.0238453 0.0229874 0.0228935 0.0242682 0.0234328 0.0227447 0.0220251 0.0214577 0.0216655 0.0221809 0.0226053 0.022897 0.0227439 0.0225523 0.0223697 0.0221662 0.0223552 0.0226267 0.0228395 
0.0372557 0.0306425 0.0276537 0.025069 0.0238865 0.0230167 0.0229344 0.0242757 0.0234719 0.0227803 0.0221143 0.0215161 0.0217052 0.022209 0.0226202 0.0229381 0.0227738 0.0225823 0.0223597 0.0222064 0.0223506 0.0226505 0.0228654 
0.0372749 0.0307085 0.0277088 0.0250741 0.023884 0.0230144 0.0229279 0.024389 0.0235044 0.0227709 0.0221206 0.0215243 0.0216851 0.0221863 0.0226455 0.0229226 0.0227792 0.0225959 0.022314 0.0222304 0.0223525 0.0226605 0.0228842 
0.0372646 0.030654 0.0277422 0.0251033 0.0238978 0.0229929 0.0229296 0.0242957 0.0234746 0.0227652 0.0221143 0.0215563 0.0216711 0.0221871 0.0226189 0.0228659 0.0227852 0.0225627 0.02234 0.0222309 0.0223425 0.0226331 0.0228535 
0.0372232 0.0307081 0.0277005 0.0251446 0.0238924 0.0230768 0.0229362 0.0242998 0.0234801 0.02279 0.0221106 0.0215554 0.0216764 0.0221963 0.0225936 0.0228904 0.022755 0.022588 0.0224031 0.0223185 0.022347 0.0226038 0.0228498 
0.037226 0.0306943 0.027746 0.0251122 0.0239112 0.022998 0.0228917 0.0243657 0.023516 0.0228051 0.0221284 0.0215837 0.0216849 0.0221718 0.0226205 0.022913 0.0227395 0.0225261 0.0223098 0.0221757 0.0223538 0.0226324 0.0228341 
0.0372559 0.0306595 0.0276992 0.0250967 0.0238513 0.0230173 0.0229034 0.0243567 0.0234936 0.0228067 0.0221126 0.0215258 0.0216308 0.0221447 0.0225696 0.0228586 0.022727 0.0224964 0.0223124 0.0221305 0.022307 0.0225892 0.0228281 
0.0372295 0.0306856 0.0277625 0.025155 0.0239243 0.0230179 0.0229427 0.0243107 0.0235182 0.0228576 0.0221179 0.0215487 0.0216168 0.0221479 0.0225782 0.0229013 0.022709 0.0225361 0.0222931 0.022166 0.0223012 0.0225681 0.0228264 
0.0373044 0.0306908 0.0277149 0.0252127 0.0239082 0.0230518 0.0229212 0.0243478 0.0235325 0.0228146 0.0221302 0.0215774 0.0216806 0.0221472 0.0225714 0.0228481 0.0227265 0.022531 0.0223273 0.0221761 0.0223036 0.0226029 0.0228422 
0.0372292 0.0306845 0.0277756 0.0250688 0.0238877 0.0230154 0.0229368 0.0243855 0.0235332 0.0228511 0.022144 0.0216219 0.0216247 0.0221285 0.0225803 0.0228876 0.0226994 0.0225234 0.0222881 0.0221602 0.0223165 0.0225915 0.0228284 
0.0372064 0.0306664 0.0277346 0.025082 0.0239131 0.0230332 0.0229056 0.0243674 0.02362 0.0228783 0.0221859 0.0215968 0.0216423 0.0221162 0.0225702 0.0228661 0.022743 0.0225108 0.0223017 0.0221424 0.0222918 0.022572 0.0228297 
0.0371925 0.0306654 0.0277069 0.0250682 0.0239277 0.0230261 0.0229254 0.0243845 0.0235451 0.0228917 0.0221494 0.0216077 0.0216287 0.0221524 0.0225962 0.022852 0.0226861 0.0225159 0.0222646 0.0221266 0.0222686 0.0225714 0.022807 
0.0372234 0.0306469 0.0277513 0.0251418 0.0239671 0.0230577 0.022922 0.0243965 0.0235679 0.0228473 0.0221905 0.0216576 0.0216228 0.0220978 0.0225519 0.0228453 0.0227117 0.0225098 0.0222761 0.0221366 0.0223084 0.0225891 0.0228247 
0.0372295 0.03073 0.0277771 0.0251645 0.0239186 0.0230585 0.0229702 0.0244276 0.0235674 0.0228792 0.0222083 0.0216122 0.0216114 0.0221031 0.0226166 0.0228797 0.0227004 0.0224951 0.0222748 0.0221646 0.0222826 0.0225557 0.0227843 
0.0372677 0.0306981 0.0277796 0.0251715 0.0239679 0.0230555 0.0229415 0.0244405 0.0235892 0.0229144 0.0221938 0.0216509 0.0216445 0.022129 0.0226279 0.0228506 0.0226925 0.0224782 0.0222568 0.0221305 0.0222876 0.0225311 0.02279 
0.0372167 0.0307066 0.0278274 0.0251668 0.0239901 0.0230651 0.022931 0.0244266 0.0235785 0.0228974 0.0222094 0.0216614 0.0216567 0.0220864 0.0225614 0.0228401 0.0226749 0.0224906 0.0222701 0.0221047 0.0222768 0.0225693 0.0227897 
0.0372495 0.030772 0.0278035 0.0251137 0.0239805 0.0230604 0.0229448 0.0244441 0.0236095 0.0229471 0.0222245 0.0216764 0.021669 0.0221125 0.0225672 0.0228405 0.0226876 0.0225129 0.0222514 0.0221743 0.022266 0.0225631 0.0227731 
0.0372031 0.0307286 0.0277269 0.0251642 0.0239235 0.0230479 0.0229394 0.0244288 0.0236535 0.0229269 0.0222424 0.0216882 0.0216597 0.0220842 0.0225621 0.0228242 0.0226797 0.0224835 0.0222574 0.0220944 0.0222486 0.0225543 0.0227655 
0.0372514 0.0307685 0.0277514 0.0251693 0.0239653 0.0230814 0.0229326 0.0245028 0.0236368 0.0229203 0.022254 0.0217256 0.0216599 0.0221083 0.0225432 0.0227992 0.0226893 0.0224722 0.022265 0.0221073 0.0222692 0.0225331 0.0227651 
0.0373114 0.0308231 0.0278303 0.0251928 0.0239994 0.0231064 0.0229262 0.0245297 0.023676 0.0229763 0.0222554 0.0217414 0.0216808 0.0220731 0.0225435 0.0227939 0.0226604 0.0224697 0.0222658 0.0221463 0.0222359 0.022548 0.0228195 
0.0372964 0.0307469 0.0277315 0.0251734 0.0239345 0.023088 0.0229606 0.0244701 0.0236433 0.0229352 0.0222499 0.0217095 0.0216837 0.0221198 0.0225466 0.0228198 0.0226544 0.022477 0.0222495 0.0221341 0.0222689 0.0225688 0.0228047 
0.0373095 0.0308414 0.0278041 0.025204 0.0240274 0.023116 0.0229354 0.0245077 0.023706 0.0229672 0.0222955 0.0217659 0.0217075 0.0220831 0.0225047 0.0228005 0.0226553 0.0224692 0.0222472 0.0220891 0.022232 0.0225331 0.0227429 
0.0372288 0.0307536 0.027754 0.0251914 0.024013 0.0231247 0.0229616 0.0244931 0.0236605 0.0229661 0.0222933 0.0217516 0.0216924 0.0220931 0.0225386 0.0228491 0.02264 0.0224744 0.0222575 0.0221041 0.0222506 0.0225308 0.0227506 
0.0372837 0.0307779 0.0277708 0.0251814 0.0239994 0.0230927 0.0229794 0.0245355 0.0237228 0.0229832 0.0223235 0.0217546 0.0217242 0.0221043 0.0225473 0.0228087 0.022681 0.0224707 0.0222472 0.0221193 0.0222498 0.022538 0.0227515 
0.0372954 0.0308186 0.0277867 0.025226 0.0240132 0.0231231 0.0230001 0.0245655 0.0237339 0.0230845 0.022344 0.0217905 0.0217288 0.0221017 0.0225033 0.0227949 0.0226829 0.0224909 0.0222625 0.0220977 0.0222378 0.0225133 0.0227589 
0.0373496 0.0307841 0.0277819 0.0252207 0.0240313 0.0231185 0.0229568 0.0245185 0.0237262 0.0230463 0.0223776 0.0217789 0.021698 0.0221085 0.0225322 0.0228446 0.0226829 0.0224872 0.0222401 0.0221093 0.0222673 0.0225177 0.0227692 
0.0373054 0.030717 0.0278081 0.0251955 0.0239981 0.0231048 0.0229786 0.0245653 0.0237069 0.023035 0.0223415 0.0218094 0.0217815 0.0220656 0.0225244 0.0227808 0.0226242 0.0224569 0.0222348 0.022095 0.0222125 0.0224993 0.0227719 
0.037333 0.0307898 0.0277654 0.0251994 0.0240143 0.0231206 0.0229624 0.0245622 0.0237426 0.023037 0.0223606 0.0217983 0.0217631 0.0220666 0.0225133 0.0228005 0.0226576 0.0224685 0.0222213 0.0220787 0.022224 0.022521 0.0227508 
0.0373232 0.0308255 0.0278627 0.0252209 0.0240532 0.0231246 0.0229478 0.0246036 0.0237825 0.0230633 0.0223626 0.0218261 0.0217838 0.0221234 0.022521 0.0228076 0.0226547 0.0224658 0.0222164 0.0220824 0.022225 0.0225132 0.022773 
0.0373827 0.0307495 0.0278371 0.0253281 0.0240444 0.0231365 0.0229561 0.0246203 0.0237752 0.0230336 0.0223879 0.021833 0.0217633 0.0220737 0.022519 0.022768 0.0226547 0.0224532 0.0222621 0.0220665 0.0222132 0.0224834 0.0227305 
0.0373219 0.0307551 0.0278697 0.0252116 0.0240374 0.0231491 0.0229576 0.0245396 0.0237471 0.0230585 0.0224112 0.0218217 0.0217278 0.0220822 0.022482 0.0227844 0.0226127 0.0224298 0.0222082 0.0220869 0.0222254 0.0225153 0.0227395 
0.037384 0.0307717 0.0278687 0.0251951 0.0240597 0.023164 0.0229664 0.024611 0.023789 0.0230796 0.0223744 0.021872 0.0218004 0.0221074 0.022508 0.0227732 0.0226327 0.0224306 0.022229 0.0220746 0.0222332 0.0225211 0.0227211 
0.0373882 0.0308288 0.0278709 0.0252866 0.0240663 0.0231331 0.0229619 0.0246184 0.0237706 0.0230562 0.0224146 0.0218525 0.0218103 0.0221138 0.0225046 0.0228017 0.0226399 0.0224036 0.0222022 0.0220632 0.0222188 0.0224921 0.02273 
0.037373 0.0308149 0.0278199 0.0252244 0.024047 0.0231657 0.0229708 0.0245811 0.0237643 0.0231077 0.0224109 0.0218425 0.021784 0.0221024 0.0224899 0.0227886 0.0226027 0.0224416 0.0222144 0.0220429 0.0222275 0.022491 0.0227334 
0.0374404 0.030859 0.0279502 0.0252712 0.0240728 0.0231749 0.0229737 0.0246346 0.023808 0.0231101 0.0224174 0.0218788 0.0218133 0.0221125 0.0224808 0.0227959 0.0226153 0.022428 0.0221868 0.0220451 0.0221991 0.0225082 0.0227142 
0.0373385 0.030746 0.0279537 0.0252607 0.0240709 0.0231607 0.0230232 0.0246426 0.0237899 0.0231013 0.0224077 0.0218843 0.021825 0.0221214 0.0224961 0.0227413 0.0226226 0.0224254 0.0221908 0.0220387 0.0222331 0.0224863 0.0227031 
0.0374284 0.0307727 0.0278155 0.025219 0.024041 0.0231391 0.0229913 0.0246579 0.023784 0.0231027 0.0224489 0.0218967 0.021832 0.0221098 0.0224726 0.0227484 0.0226 0.0224444 0.0222094 0.0220486 0.0221989 0.0224657 0.0227137 
0.037385 0.0307772 0.0278438 0.0252643 0.0240716 0.0231776 0.0229987 0.024657 0.0238003 0.0231307 0.0224453 0.0219157 0.0218549 0.022137 0.022467 0.0227683 0.0226253 0.0224238 0.0221986 0.0220209 0.0222069 0.0224836 0.0227022 
0.03741 0.0308726 0.0278619 0.0252262 0.0241001 0.0231825 0.0229865 0.0246279 0.0238412 0.023177 0.0224315 0.0219134 0.0218283 0.0221204 0.0224823 0.0227334 0.0226226 0.0223937 0.0222383 0.0220585 0.0222281 0.022472 0.0226845 
0.0374589 0.0307955 0.0279227 0.0252773 0.0240463 0.0231784 0.0229917 0.024706 0.0238215 0.0231481 0.022456 0.0219357 0.0218605 0.0221094 0.0224388 0.0227529 0.0225898 0.0224126 0.0221682 0.0220324 0.0221748 0.0224641 0.0227026 
0.0374028 0.0308203 0.0279055 0.0252914 0.0240998 0.0231859 0.0230041 0.0247105 0.0238515 0.0231136 0.0224927 0.0219277 0.0218586 0.0221805 0.0224305 0.0227444 0.0225569 0.0224063 0.0221717 0.0220304 0.0221748 0.0224667 0.0226949 
0.0374347 0.0308341 0.0278347 0.0253016 0.0240947 0.0231526 0.0230274 0.0246858 0.0238485 0.0231657 0.0224848 0.0219084 0.0218504 0.0221343 0.0224498 0.022737 0.0226 0.0224128 0.0221743 0.0220401 0.0221644 0.0224828 0.0227255 
0.0374132 0.0308255 0.0278822 0.0252848 0.0240779 0.0232039 0.0230103 0.0246957 0.0238534 0.0231531 0.0224837 0.0219301 0.0218765 0.0221501 0.0224314 0.022728 0.0225871 0.0224285 0.0221777 0.0220423 0.0221689 0.0224349 0.0227018 
0.0374396 0.0308736 0.0279017 0.0253207 0.0240888 0.0231755 0.0230073 0.0246768 0.0238697 0.0231829 0.0224677 0.0219593 0.0218655 0.0221407 0.0224331 0.0227236 0.0225854 0.02238 0.0221819 0.0220429 0.022213 0.0224882 0.0227086 
0.0374178 0.0308327 0.0278972 0.0253184 0.0240851 0.0231943 0.0229947 0.0247126 0.0238509 0.0231405 0.0224832 0.021959 0.021947 0.0221405 0.0224393 0.0227165 0.0225943 0.0224239 0.0221604 0.0220437 0.0221973 0.0224848 0.0226778 
0.0374064 0.0308855 0.0279108 0.0253098 0.0241173 0.0231945 0.022989 0.0247042 0.0239004 0.0231878 0.0225665 0.022003 0.021892 0.0221576 0.0224972 0.022738 0.0225653 0.0223955 0.0221727 0.0219897 0.0221556 0.0224438 0.0226774 
0.0373777 0.0308126 0.027912 0.0252939 0.0241095 0.0232166 0.0230039 0.0247204 0.0238825 0.0231906 0.0225195 0.0219844 0.0219274 0.0221971 0.0224604 0.0227384 0.0225711 0.0223719 0.0221474 0.0220138 0.0221589 0.0224509 0.0226823 
0.0373957 0.03086 0.0279106 0.0252988 0.0241122 0.0231928 0.0230009 0.0246996 0.0238433 0.0232273 0.0225117 0.0219495 0.0219036 0.0221822 0.0224224 0.0227313 0.022571 0.0223902 0.0221443 0.0220282 0.0221702 0.0224424 0.0226831 
0.0374214 0.0308421 0.0279594 0.0253163 0.0240748 0.0232468 0.0230027 0.0247234 0.0239081 0.0232454 0.0225279 0.0220076 0.0219332 0.0221957 0.0224745 0.022703 0.0225887 0.0223588 0.022142 0.0219935 0.0221403 0.0224209 0.0226692 
0.0374357 0.0308859 0.0279703 0.0252701 0.0241042 0.023208 0.0230089 0.024751 0.0239124 0.023305 0.0225329 0.0219958 0.0219465 0.0221943 0.0224722 0.022697 0.0225677 0.022385 0.0221744 0.0220129 0.0221613 0.022452 0.0226495 
0.0374115 0.0308715 0.0279288 0.02533 0.0241364 0.0232282 0.023005 0.0247372 0.0238949 0.0232084 0.0225601 0.021992 0.0219166 0.022167 0.0224714 0.0227235 0.022568 0.0223724 0.0221634 0.0219873 0.022143 0.0224465 0.0226638 
0.0374992 0.0309153 0.0279596 0.0253124 0.0241779 0.0232512 0.0229966 0.0248067 0.0240033 0.0232533 0.0226075 0.0220294 0.0219618 0.0222059 0.0224716 0.0226927 0.0225433 0.022379 0.0221567 0.0219967 0.0221423 0.0224145 0.0226379 
0.0374148 0.0308636 0.027949 0.0253108 0.024125 0.0232236 0.0230122 0.0247871 0.0239107 0.0232967 0.0225803 0.0220424 0.0219704 0.0222194 0.0224945 0.0226817 0.0225759 0.0223795 0.0221422 0.0219953 0.022155 0.022416 0.0226488 
0.0373974 0.0307785 0.0279827 0.0253049 0.0241263 0.0232424 0.0230214 0.0247829 0.023942 0.0232885 0.0225864 0.0220396 0.0219832 0.0221849 0.0224631 0.0227008 0.0225801 0.022318 0.0221158 0.0219986 0.0221557 0.0224178 0.0226415 
0.0374209 0.0308485 0.0279394 0.0253576 0.024105 0.0232197 0.0229738 0.0247696 0.0239644 0.0232681 0.0226049 0.0220621 0.0219946 0.0222233 0.0224893 0.0226884 0.0225498 0.022365 0.022115 0.0219715 0.0221104 0.022406 0.0226229 
0.0374017 0.0308363 0.027915 0.0253388 0.0241512 0.0232073 0.022997 0.0247724 0.0239421 0.023263 0.0225994 0.0220885 0.0219831 0.0221975 0.0225322 0.0226784 0.0226052 0.0223439 0.0221172 0.0220013 0.022148 0.0224281 0.0226495 
0.0373821 0.0309268 0.0279679 0.0253209 0.0241585 0.0232247 0.0230417 0.0248075 0.0239574 0.0232587 0.0225644 0.022065 0.0219642 0.0222071 0.0224909 0.0227022 0.0225364 0.0223811 0.0221249 0.021979 0.0221132 0.0224028 0.0226505 
0.0374671 0.0308676 0.0279665 0.0253206 0.0241844 0.0232572 0.0230147 0.0248244 0.0239368 0.0232838 0.0226388 0.0220866 0.0219946 0.0222388 0.0224767 0.022696 0.0225242 0.0223244 0.0221196 0.0219716 0.0221104 0.022425 0.0226492 
0.0374476 0.0309128 0.0279924 0.0253468 0.0241429 0.0232661 0.0230007 0.0248278 0.0239752 0.0233037 0.0226113 0.0221348 0.0220061 0.0222441 0.0225139 0.0227062 0.0225257 0.022332 0.0221391 0.0219493 0.022131 0.0223955 0.0226599 
0.0374852 0.0308855 0.0279802 0.0253257 0.024136 0.0232406 0.0229995 0.024815 0.0239677 0.0232739 0.0226124 0.0221075 0.0220191 0.0222155 0.0225052 0.0226765 0.0225344 0.0223265 0.0221178 0.021982 0.0221466 0.022402 0.0226333 
0.0374696 0.0308316 0.0279963 0.0253548 0.024132 0.0232202 0.0229927 0.0248299 0.0239942 0.0233031 0.0226596 0.0221377 0.0220416 0.0222606 0.0224965 0.0227104 0.0225685 0.0223491 0.0221336 0.0219609 0.0221246 0.0224243 0.0226586 
0.0374657 0.0308965 0.0280437 0.0253543 0.0242372 0.0232511 0.0230311 0.0248584 0.024022 0.0233206 0.0226909 0.0221325 0.0220572 0.0222742 0.0225244 0.0227187 0.0226046 0.0223703 0.0221313 0.0219921 0.0221202 0.0224435 0.0226378 
0.0375376 0.0309098 0.0280331 0.0253813 0.0242235 0.0232651 0.0230578 0.024838 0.0240083 0.0233527 0.0226624 0.0221356 0.0220453 0.0222575 0.022538 0.0227211 0.0225184 0.0223703 0.0221326 0.0220121 0.022123 0.022405 0.0226316 
0.0374421 0.0308997 0.0280142 0.0253815 0.0241963 0.0233021 0.0230674 0.0249279 0.0240961 0.023347 0.0226916 0.0221486 0.0220801 0.0222877 0.0225513 0.0227523 0.0225684 0.0223284 0.022126 0.0219835 0.0221203 0.0224247 0.0226429 
0.0374976 0.0309587 0.0280527 0.0253588 0.0242347 0.0232775 0.023085 0.0248675 0.0240271 0.0233581 0.0226904 0.0221877 0.0221 0.0222781 0.022505 0.0227442 0.0225312 0.0223048 0.0220867 0.0219906 0.0221118 0.022377 0.0226153 
0.0374825 0.0309742 0.0280106 0.025385 0.0241942 0.0232547 0.0230256 0.0249162 0.0240446 0.0233473 0.0226882 0.0221179 0.0220284 0.0222585 0.0225402 0.0227127 0.0225307 0.0223097 0.0220985 0.0219921 0.0221017 0.022389 0.0226167 
0.0374642 0.0309258 0.0280294 0.0253695 0.0241994 0.0232647 0.0230437 0.0249056 0.0240497 0.0233372 0.0227151 0.0221922 0.0220589 0.0222646 0.0225429 0.0227422 0.022515 0.022347 0.0221023 0.0219754 0.0221029 0.0223947 0.0226137 
0.0374647 0.0309221 0.0280088 0.0253899 0.0241951 0.0232576 0.023006 0.0248495 0.0241112 0.0234114 0.0226825 0.0222337 0.0220833 0.0222909 0.0225575 0.0227821 0.0225619 0.0223485 0.0221211 0.0219807 0.0221322 0.0224101 0.022632 
0.0375071 0.0309436 0.0280005 0.025413 0.0241941 0.0233007 0.0230818 0.0249166 0.0240464 0.0234274 0.0227325 0.0221674 0.0221145 0.0222861 0.0225986 0.022768 0.0225066 0.0223269 0.0221021 0.0219585 0.0221025 0.0223838 0.0226067 
0.0374717 0.0308643 0.0279784 0.0253747 0.0242393 0.0233 0.0230581 0.0248953 0.0240469 0.0233689 0.0227328 0.022194 0.0220777 0.0222934 0.0225429 0.0227663 0.0225208 0.0223385 0.0221306 0.021974 0.0221049 0.0223966 0.0226289 
0.037471 0.0308887 0.0280052 0.0253922 0.0241959 0.02327 0.0230329 0.0249185 0.0240428 0.0234194 0.0227433 0.0221807 0.0220982 0.0223159 0.0225459 0.0227977 0.0225549 0.0223485 0.0221026 0.02197 0.0221175 0.022408 0.022621 
0.0375266 0.0309637 0.0280327 0.0253701 0.0242188 0.0232686 0.0230306 0.0249256 0.0240725 0.0234145 0.0227324 0.0222141 0.022075 0.022277 0.0225337 0.0227944 0.0224871 0.0223153 0.0220691 0.021932 0.0220763 0.0223806 0.0226141 
0.0375639 0.0309684 0.0280518 0.0253716 0.0242127 0.0232754 0.0230421 0.0249378 0.0240237 0.0234049 0.0227382 0.0221985 0.0221069 0.022298 0.0225166 0.0227847 0.0224825 0.0223206 0.022108 0.0219216 0.0221009 0.0224056 0.0226013 
0.0374616 0.0309231 0.0280366 0.0253932 0.0242304 0.0233204 0.0230113 0.0248943 0.0240649 0.0234242 0.0227372 0.0221959 0.0221004 0.0222904 0.0225116 0.0227842 0.0225196 0.0223066 0.0220886 0.0219357 0.022101 0.0223748 0.0225911 
0.0375508 0.0309668 0.0280258 0.0253777 0.024202 0.0233086 0.0230553 0.0249279 0.0241087 0.0234189 0.0227646 0.0221919 0.0221006 0.0222873 0.0225103 0.022792 0.0225063 0.0223052 0.0220927 0.0219346 0.0220926 0.0223537 0.0226094 
0.0375547 0.0308864 0.028002 0.0254296 0.0242172 0.023301 0.0230425 0.0249407 0.0240702 0.0233948 0.0227797 0.0221907 0.0221306 0.0223295 0.0225144 0.0227808 0.022492 0.0223031 0.0221108 0.0219184 0.0220786 0.022364 0.0225634 
0.0375462 0.0309672 0.0280803 0.0254151 0.0242148 0.0232883 0.0230414 0.024907 0.0241019 0.0234085 0.0227509 0.0222248 0.0221338 0.0223194 0.0225428 0.0227981 0.0224964 0.0222913 0.0220782 0.0219151 0.0220629 0.0223652 0.0225915 
0.0374909 0.0309254 0.0279996 0.0253822 0.0242457 0.0232803 0.0230421 0.0249525 0.0241333 0.0234716 0.0227424 0.0222178 0.0221265 0.0223278 0.0225299 0.0227674 0.0224996 0.0222956 0.0220688 0.0219402 0.0220664 0.0223656 0.0226003 
0.0374891 0.0309882 0.0280616 0.0254564 0.0242307 0.0233005 0.0230413 0.0249634 0.0241207 0.0234381 0.0227813 0.0222454 0.022132 0.022284 0.0225585 0.0228016 0.0225052 0.0223079 0.0220766 0.0219575 0.0220867 0.0223843 0.0226075 
0.0375579 0.0310315 0.028041 0.0253998 0.024265 0.023312 0.0230616 0.024983 0.0241495 0.0234377 0.0227853 0.0222629 0.0221569 0.0223327 0.0225506 0.0228076 0.0225074 0.0222888 0.0220914 0.021931 0.0221139 0.0223997 0.0226039 
0.0375755 0.030969 0.028035 0.0254516 0.0242656 0.0233478 0.0230741 0.0249605 0.024139 0.0234845 0.0228646 0.0222867 0.0221861 0.0223567 0.0226226 0.0228397 0.0225105 0.0223182 0.0220887 0.0219396 0.0220901 0.0223427 0.0226398 
0.037527 0.0310725 0.0280837 0.0254206 0.0242508 0.0233296 0.0230964 0.0250562 0.0241505 0.0234762 0.0228151 0.0223215 0.0221478 0.0223583 0.0225512 0.022878 0.0225507 0.0223122 0.0221124 0.0219396 0.0220926 0.022373 0.0226035 
0.0375904 0.0310371 0.0280595 0.0254352 0.0242675 0.0233277 0.0230727 0.0250201 0.0241793 0.0234646 0.0228219 0.02232 0.0221733 0.0223503 0.0225837 0.0228665 0.0225165 0.0222997 0.0220875 0.0219207 0.0220829 0.0223461 0.0225888 
0.0376934 0.0311332 0.0281884 0.0255273 0.0243556 0.0234257 0.0231603 0.025129 0.0242724 0.0235992 0.0229149 0.0223973 0.022292 0.022446 0.0226517 0.0229749 0.0226353 0.0224009 0.022161 0.0220122 0.0221643 0.0224775 0.0226847 
0.0376869 0.0311597 0.02823 0.0256008 0.0243445 0.0234369 0.0231531 0.0250786 0.0242858 0.0236169 0.0229553 0.0224351 0.0222885 0.022446 0.0226698 0.0229772 0.0226283 0.0224029 0.0221834 0.0220048 0.0221927 0.0224532 0.022689 
0.0377141 0.031182 0.0281714 0.0255677 0.0243776 0.0234194 0.023156 0.0251505 0.0242295 0.0236073 0.0229476 0.0223986 0.0222681 0.0224439 0.0226716 0.0229872 0.0226123 0.0223867 0.0222277 0.0219896 0.0221701 0.0224623 0.0226842 
0.0377246 0.0311093 0.0281853 0.0255573 0.0243703 0.0234323 0.0231881 0.0251225 0.0243046 0.0235916 0.0229835 0.0223923 0.0222972 0.0224584 0.0226945 0.0229628 0.0226299 0.0223621 0.0221387 0.0220057 0.0221591 0.0224475 0.0226809 
0.0376917 0.0311863 0.0282207 0.0256045 0.0243568 0.0234502 0.0231488 0.0251392 0.0242773 0.0236412 0.0229557 0.0224288 0.0223292 0.0224659 0.0226678 0.0229937 0.0226551 0.0223802 0.022179 0.0220293 0.0221667 0.0224546 0.0226873 
0.037777 0.0311097 0.0282391 0.0255842 0.0244101 0.0234774 0.0231689 0.0251768 0.0243124 0.0236288 0.0229588 0.0224127 0.0222989 0.0224741 0.022706 0.0229954 0.0226704 0.0223887 0.0221613 0.0220062 0.0221455 0.022415 0.0226604 
0.0377363 0.0311731 0.0282028 0.0255575 0.0243535 0.0234521 0.0231583 0.0251419 0.0242897 0.0236873 0.022927 0.0223686 0.0223394 0.0224853 0.0226749 0.0229946 0.0226737 0.0223948 0.0221261 0.0220327 0.0221719 0.0224557 0.0226979 
0.0377307 0.0312454 0.0282378 0.025585 0.0243836 0.0234219 0.0231602 0.0251756 0.0243119 0.0236193 0.0229659 0.0224756 0.0223388 0.0224845 0.0226818 0.0230004 0.0226702 0.0223611 0.0221452 0.0219985 0.0221683 0.0224324 0.0226819 
0.03779 0.031105 0.028239 0.0256184 0.0244038 0.0234639 0.0231721 0.0252081 0.0243594 0.0237023 0.0229865 0.0224572 0.0223421 0.0224844 0.0227061 0.0229596 0.0226848 0.0223696 0.0221513 0.0219573 0.0221288 0.0223842 0.0226317 
0.0377604 0.031172 0.0282137 0.0255651 0.0243872 0.023456 0.0231974 0.0251782 0.0243078 0.0236811 0.022981 0.0224449 0.0223539 0.0225174 0.0226813 0.0229979 0.0227213 0.0223577 0.0221433 0.0220152 0.0221528 0.0224519 0.0226606 
0.037778 0.031154 0.0282395 0.025573 0.0244283 0.0235158 0.0232011 0.0251701 0.0243352 0.0236779 0.0229679 0.0224359 0.022339 0.0224815 0.02271 0.0229652 0.0226635 0.0223826 0.0221353 0.0219617 0.0221708 0.0223929 0.0226539 
0.0377561 0.0311994 0.0282124 0.0255442 0.0243993 0.0234291 0.0231732 0.0252533 0.0243782 0.0236729 0.0229851 0.0224857 0.0223556 0.0225004 0.0227097 0.023016 0.0227077 0.0224047 0.0221375 0.0219917 0.0221417 0.0224177 0.0226609 
0.0377589 0.0312018 0.0282602 0.0255966 0.0244003 0.0234359 0.0231722 0.0251735 0.0242931 0.0236085 0.0229813 0.0224764 0.0223323 0.0224872 0.0226842 0.0230167 0.022678 0.0223715 0.0221188 0.0219837 0.0221608 0.0224054 0.0226356 
0.0377167 0.0311085 0.0281976 0.0255943 0.0244145 0.0234494 0.0231894 0.0252138 0.0243395 0.0236743 0.0229832 0.0224686 0.0223381 0.0224921 0.022683 0.0230234 0.0226937 0.022391 0.0221674 0.0220078 0.0221795 0.0224602 0.0226628 
0.0377742 0.0312419 0.0282079 0.0256509 0.0244132 0.0234895 0.0232262 0.0252144 0.0243191 0.0237045 0.0230171 0.0224717 0.0223507 0.0224643 0.0226734 0.0230724 0.0226714 0.0223659 0.0221231 0.0219592 0.0221191 0.0223833 0.0226509 
0.0377339 0.0311801 0.0281685 0.0255498 0.0243798 0.0234716 0.023178 0.0252076 0.0243507 0.0236556 0.0230077 0.022474 0.022349 0.0225262 0.022656 0.023027 0.0226905 0.0223857 0.0220951 0.0220166 0.0221388 0.0223893 0.0226586 
0.0377395 0.0311494 0.0282541 0.0256379 0.024431 0.0234865 0.0231743 0.0252364 0.0243517 0.0236913 0.0230206 0.0224799 0.0223675 0.0224985 0.0226752 0.0230435 0.0227135 0.0223984 0.0220876 0.0219601 0.0221296 0.0224002 0.0226413 
0.0377731 0.0311642 0.0282122 0.0255674 0.0243754 0.023471 0.0231951 0.0252003 0.0243168 0.0237217 0.0230278 0.0224839 0.0223853 0.0225015 0.0226804 0.023032 0.0227088 0.0224141 0.0221127 0.0219452 0.0221369 0.022404 0.0226431 
0.0376991 0.0311553 0.0282355 0.0255988 0.024459 0.0235056 0.0231854 0.0252205 0.0243117 0.0236936 0.0230021 0.0224924 0.0223868 0.0225089 0.0226707 0.0230273 0.0227083 0.0224175 0.0221084 0.0219628 0.0221063 0.022402 0.022622 
0.0377533 0.0312653 0.0282325 0.0255837 0.0244098 0.0234464 0.0231496 0.0251997 0.0243407 0.023663 0.023013 0.0224603 0.0223815 0.0225042 0.022655 0.0230389 0.0227499 0.0224067 0.0221283 0.0219611 0.0221589 0.0223719 0.0226385 
0.0377911 0.0312398 0.0282689 0.0256511 0.0244524 0.0235229 0.0232092 0.0252244 0.0244387 0.0237071 0.0230336 0.0225249 0.0224195 0.0225142 0.0226995 0.023064 0.022794 0.0224603 0.0221133 0.022008 0.022126 0.0224199 0.0226794 
0.037803 0.0312657 0.0282893 0.0256031 0.0244637 0.023571 0.023197 0.0252171 0.024384 0.0237057 0.0230387 0.0225549 0.0223861 0.022573 0.0226995 0.0230551 0.0227415 0.0224543 0.02212 0.0219653 0.0221184 0.0224168 0.0226367 
0.0377827 0.0312707 0.028279 0.0255998 0.024467 0.0234929 0.0232258 0.0252227 0.0244053 0.0237399 0.0230702 0.0225659 0.0224604 0.0225402 0.0227068 0.0230759 0.0227659 0.0224175 0.022089 0.0219388 0.0221243 0.0224178 0.0226201 
0.0377457 0.0311783 0.0283324 0.025613 0.0244064 0.0234541 0.0231876 0.0252486 0.0243742 0.0237138 0.0230485 0.0225043 0.0224097 0.022547 0.0227206 0.023114 0.0227853 0.022444 0.0221078 0.0219618 0.0221236 0.0224233 0.0226763 
0.037852 0.0313122 0.0283185 0.0257021 0.0245111 0.023515 0.0232118 0.0252443 0.0244099 0.0237466 0.0230756 0.0225446 0.02245 0.0225575 0.0227443 0.0231112 0.0227679 0.0224704 0.0221213 0.0219765 0.022132 0.0224305 0.0226469 
0.0378065 0.0312707 0.0282534 0.025644 0.0244355 0.0235036 0.0232305 0.0252592 0.0244072 0.0237091 0.023097 0.0225326 0.022418 0.0225321 0.0227606 0.0230885 0.0227733 0.0224451 0.022153 0.0219597 0.0221172 0.0224088 0.0226346 
0.0378393 0.0312074 0.0283808 0.0256492 0.0244288 0.0235391 0.0231946 0.02522 0.024402 0.0237185 0.0230934 0.0225476 0.0224327 0.0225259 0.0227317 0.0231064 0.022806 0.022473 0.0221573 0.0219614 0.0221654 0.0224195 0.0226171 
0.0377883 0.0312212 0.0282788 0.0256085 0.024428 0.0234955 0.0232118 0.025329 0.0244008 0.0237689 0.0230709 0.0225347 0.0224546 0.0225357 0.0226873 0.0231136 0.0227907 0.0224868 0.0221586 0.0219549 0.0221272 0.0223964 0.0226333 
0.0378036 0.031287 0.0282595 0.0256006 0.0244283 0.023532 0.0231903 0.025222 0.0244954 0.0237345 0.0231144 0.0225532 0.0224629 0.0225226 0.0227009 0.0231124 0.0227854 0.0224703 0.0221298 0.0219725 0.0221221 0.0225186 0.0226273 
0.0378413 0.0312824 0.0283568 0.0256713 0.0244669 0.0235014 0.0232329 0.025287 0.0244257 0.0238178 0.0230996 0.0225824 0.0224837 0.0225694 0.0227479 0.0231469 0.0227987 0.0225011 0.0221418 0.0219862 0.022117 0.0223771 0.022618 
0.0378451 0.0312281 0.0283708 0.0256167 0.024457 0.0234982 0.0231842 0.0252928 0.0244237 0.0237635 0.0231166 0.0225915 0.0224753 0.0225591 0.0227155 0.0231604 0.022809 0.022499 0.0221107 0.0219681 0.0221206 0.0223971 0.0226133 
0.0377801 0.0311832 0.0282879 0.0256585 0.0244757 0.0235196 0.0231973 0.0253456 0.0244134 0.0237829 0.0231107 0.0225755 0.022475 0.022563 0.0227322 0.0231215 0.022803 0.0224721 0.0221643 0.0219673 0.0221026 0.0223842 0.0226255 
0.0377906 0.0312296 0.0283466 0.0256451 0.024443 0.0235101 0.023225 0.025338 0.0244761 0.0237761 0.0231087 0.0225947 0.0224631 0.0225787 0.022713 0.0231611 0.0228217 0.0224979 0.0221433 0.0219392 0.0221319 0.0223948 0.0226198 
0.0377764 0.0311984 0.028316 0.0256175 0.0244164 0.0235306 0.0232208 0.0253171 0.0244777 0.0237707 0.0231062 0.0226015 0.0224509 0.0225843 0.0227407 0.0231312 0.0228151 0.0224965 0.0221917 0.0219592 0.0221206 0.0224044 0.0226568 
0.0378118 0.0312496 0.0282973 0.0256482 0.024483 0.0235451 0.0232091 0.0253407 0.0244099 0.0238013 0.023125 0.0226241 0.0224505 0.0225533 0.022708 0.023136 0.0228225 0.0224978 0.022171 0.02196 0.0220984 0.0223708 0.0226066 
0.0378421 0.0312341 0.0283198 0.0256678 0.0244473 0.0235253 0.0231954 0.0253182 0.0244399 0.0238048 0.0231412 0.0226261 0.0224931 0.0225551 0.0227204 0.0231682 0.02283 0.0225211 0.0222089 0.0219521 0.0221023 0.0223949 0.0226203 
0.0378199 0.0312711 0.028381 0.02564 0.0244982 0.0235317 0.0232132 0.0253738 0.0245056 0.0238084 0.0231072 0.0225979 0.02251 0.0225901 0.0227235 0.0231378 0.0228287 0.0225123 0.0221705 0.0219346 0.0220894 0.0224146 0.0226202 
0.037826 0.0312724 0.028291 0.0256636 0.0244778 0.0235195 0.0231953 0.0253122 0.0244889 0.0238014 0.0231278 0.022619 0.0224675 0.022583 0.0227405 0.0231628 0.0228339 0.0225237 0.0221548 0.0219481 0.022105 0.0223914 0.0226259 
0.037824 0.0313038 0.0282997 0.0256492 0.0244226 0.0235311 0.023217 0.0253263 0.0245056 0.0237706 0.0231442 0.0225644 0.0224603 0.0225642 0.0227201 0.0231717 0.0228255 0.0225227 0.02217 0.0219722 0.0220976 0.0223846 0.0226174 
0.037786 0.0312444 0.0283054 0.0257036 0.0244829 0.0235207 0.02324 0.0253347 0.0245155 0.0238462 0.0231343 0.0226217 0.0224954 0.0225732 0.0227321 0.0231918 0.0228495 0.0225065 0.0221962 0.021961 0.0221354 0.0223903 0.0225795 
0.0378081 0.0313146 0.0283099 0.0256519 0.0244896 0.0235379 0.0232366 0.0253215 0.0244785 0.0238551 0.0231594 0.0226265 0.0225117 0.0225932 0.0227501 0.0231534 0.0228495 0.0225068 0.0222235 0.0219513 0.0221066 0.022385 0.0225922 
0.0377642 0.0312071 0.0283353 0.0256804 0.0244834 0.0235204 0.0231746 0.0253173 0.0244654 0.0238059 0.0231449 0.0226294 0.0224695 0.0225784 0.0227343 0.0231606 0.0228418 0.0225281 0.0221922 0.0219585 0.0220678 0.022335 0.0226246 
0.0378157 0.0311742 0.0282903 0.0257118 0.0245102 0.0234892 0.0232112 0.0253569 0.0244919 0.0238253 0.0231488 0.0226043 0.0225091 0.0225748 0.0227128 0.0231825 0.0228212 0.0225288 0.0221766 0.0219233 0.0220831 0.022358 0.0226059 
0.0377652 0.0312947 0.0283159 0.0256581 0.0244669 0.0235285 0.0232296 0.0253331 0.0244839 0.0237684 0.0231437 0.0226166 0.0225173 0.0225437 0.0227049 0.0231902 0.0228445 0.0225196 0.0221841 0.0219409 0.0220864 0.022358 0.0225622 
0.0378372 0.0312731 0.0283353 0.0256452 0.0244941 0.023517 0.0232055 0.0253512 0.024491 0.0238102 0.0231605 0.022628 0.0224912 0.0225714 0.0227147 0.0231952 0.022843 0.0225578 0.0221977 0.0219296 0.0220729 0.0223171 0.0225829 
0.0378065 0.0312276 0.0283324 0.0256508 0.0245112 0.0235061 0.0232021 0.025352 0.0244835 0.0238373 0.0231465 0.0226011 0.0224927 0.0225925 0.0227223 0.0231363 0.022843 0.0225578 0.0222014 0.0219489 0.02205 0.0223307 0.0225727 
0.0378422 0.031292 0.0283415 0.0256648 0.0244857 0.0235205 0.0231933 0.0253447 0.0244603 0.023818 0.0231492 0.0226044 0.0225225 0.0225483 0.0227095 0.0231939 0.0228677 0.0225339 0.022204 0.021955 0.0220342 0.0223499 0.0225638 
0.0378487 0.0312069 0.0282734 0.0256693 0.0244927 0.0235785 0.02321 0.0253449 0.0244774 0.0238069 0.023157 0.0226465 0.0224985 0.0225919 0.0227237 0.0231589 0.0228537 0.0225408 0.0222258 0.0219774 0.0220601 0.0223465 0.0225733 
0.0377788 0.0313075 0.0283044 0.0256991 0.0244912 0.0235163 0.0231907 0.0253887 0.0244874 0.0238264 0.0231739 0.022672 0.0225354 0.0225785 0.0227525 0.0231981 0.022863 0.0225745 0.0222653 0.021974 0.0220737 0.0223592 0.022558 
0.0378498 0.0312096 0.0283552 0.0256939 0.024491 0.0235633 0.0231903 0.0253648 0.0245533 0.0238445 0.0232144 0.0226623 0.0225358 0.0225938 0.0227155 0.0232202 0.0228708 0.0225786 0.0222325 0.0220053 0.022065 0.022386 0.0225757 
0.0378481 0.0312681 0.0283558 0.0256727 0.0245083 0.0235954 0.0232203 0.0253903 0.0245272 0.0238772 0.0231943 0.0226911 0.0225636 0.0226187 0.0227455 0.023206 0.0228832 0.0225729 0.0222576 0.022012 0.0221109 0.0223382 0.0225824 
0.0378487 0.0312554 0.0283519 0.0256741 0.0244927 0.0235449 0.0232231 0.0253966 0.0245135 0.0238983 0.0232299 0.022662 0.0225207 0.0226278 0.022717 0.023191 0.0229344 0.0225923 0.0222647 0.022025 0.0220861 0.0223523 0.0225824 
0.037792 0.0312333 0.0283659 0.025707 0.0244888 0.023548 0.023221 0.0254219 0.0245211 0.0238763 0.0232165 0.0226775 0.0225569 0.0226503 0.0227444 0.0232028 0.0229131 0.0225981 0.0222743 0.0220471 0.0220506 0.0223403 0.0225928 
0.0378197 0.0311901 0.0283308 0.025657 0.0245069 0.0235633 0.0232232 0.0254089 0.0245286 0.0238726 0.0232308 0.0226856 0.0225661 0.0226349 0.0227418 0.0232454 0.0229303 0.0225926 0.0222617 0.022028 0.022103 0.0223463 0.0226355 
0.0378157 0.031302 0.0283352 0.0257349 0.0244575 0.0235346 0.0232306 0.0253984 0.0245849 0.0238629 0.0232043 0.0226417 0.0225244 0.0226113 0.0227215 0.0232381 0.0229002 0.0225865 0.0222436 0.0219873 0.0220589 0.0223288 0.0225513 
0.0378518 0.0313299 0.028405 0.0256803 0.0244897 0.023534 0.0231944 0.0254295 0.024562 0.0238853 0.0232681 0.0226966 0.0225665 0.0226382 0.0227611 0.0232585 0.0229423 0.0226155 0.0222914 0.0220441 0.0220716 0.0223259 0.0225394 
0.0379319 0.0312421 0.0284008 0.0257002 0.0244669 0.0235376 0.0232177 0.025386 0.0245733 0.0238836 0.0232031 0.0226918 0.0225365 0.0225998 0.0227089 0.0232064 0.0229013 0.0225769 0.0222642 0.0219933 0.0220495 0.0223081 0.0225449 
0.0378864 0.0312612 0.0283546 0.0256959 0.0245063 0.0235393 0.0232025 0.0253989 0.0245276 0.0238674 0.023218 0.0227029 0.0225566 0.0226069 0.0227357 0.0231907 0.0228936 0.022561 0.0222734 0.0219985 0.0221091 0.0223072 0.0225605 
0.0378332 0.0311882 0.0283452 0.0257174 0.0245217 0.0235661 0.0232061 0.0254004 0.0245155 0.0238661 0.0232123 0.0227046 0.0225604 0.0226323 0.0227573 0.0232092 0.0228998 0.02256 0.0222488 0.0220166 0.022108 0.0223399 0.0225381 
0.0378419 0.0312735 0.0283487 0.0257555 0.0245327 0.0235811 0.0232396 0.0254513 0.0245966 0.0238722 0.023202 0.0227137 0.0226115 0.0226266 0.0227695 0.0232315 0.022901 0.022643 0.0222919 0.0220266 0.0221035 0.0223331 0.0225718 
0.0378488 0.0314086 0.0283764 0.0257081 0.024559 0.0235694 0.0232027 0.0254277 0.0245527 0.0238836 0.0232858 0.0227348 0.0226133 0.0226414 0.0227436 0.0232767 0.0229416 0.0226314 0.0223179 0.0220579 0.0221086 0.0223424 0.0225825 
0.0378775 0.0313186 0.0283706 0.0257312 0.0245487 0.0235649 0.023246 0.0254907 0.0246201 0.0239043 0.0232624 0.0227226 0.0225989 0.0226564 0.0227406 0.0232852 0.0229669 0.0226542 0.022299 0.02206 0.022135 0.0223295 0.022551 
0.0378367 0.0312939 0.0284103 0.0257357 0.0245445 0.0235945 0.0232392 0.025445 0.0245364 0.0240132 0.0232533 0.0227703 0.0226033 0.0226739 0.0227599 0.0232555 0.0229455 0.0226514 0.02231 0.0220448 0.0221121 0.0223057 0.0225458 
0.037814 0.031273 0.0283704 0.0256834 0.0245321 0.0235599 0.0232209 0.0254463 0.0245676 0.0238837 0.0232402 0.0227124 0.0226047 0.0226185 0.0227464 0.0232637 0.022893 0.0225941 0.0223063 0.0220384 0.0220838 0.0223147 0.022554 
0.0378962 0.031335 0.0283835 0.0256993 0.024492 0.023595 0.0232203 0.0254353 0.0245911 0.0239352 0.0232821 0.0227719 0.0225973 0.0226626 0.0227827 0.0232995 0.0229567 0.0226871 0.0222892 0.02203 0.022082 0.0223233 0.0225766 
0.0378496 0.0313056 0.0284347 0.0257378 0.0245161 0.023582 0.0232004 0.0254629 0.024567 0.0239055 0.0232389 0.0226862 0.0226249 0.0226397 0.0227347 0.0232724 0.0229316 0.0226189 0.0223056 0.0220432 0.0220732 0.022308 0.0225519 
0.037879 0.0313153 0.0283934 0.0257197 0.0245111 0.0235419 0.0232387 0.0254317 0.0246542 0.0239441 0.0232956 0.022769 0.0226056 0.0226438 0.0227989 0.0233388 0.0229771 0.0226788 0.0223366 0.0220931 0.0221159 0.0223884 0.0225683 
0.0379385 0.0312946 0.0284328 0.0257436 0.0245529 0.0235835 0.0232253 0.025461 0.0245691 0.0239359 0.0233266 0.0227646 0.0226263 0.0226741 0.0228018 0.0232722 0.0229759 0.0226795 0.0223332 0.0220763 0.0221257 0.0222932 0.0225438 
0.0378651 0.0313365 0.0284588 0.0257304 0.0245279 0.023587 0.0232466 0.0254969 0.0245988 0.0239815 0.0232934 0.0227707 0.0226207 0.0226523 0.0227952 0.0233987 0.0229968 0.0226736 0.0223274 0.0220817 0.0221371 0.022325 0.022535 
0.0379122 0.0313507 0.0283662 0.0257343 0.0245182 0.0235756 0.023231 0.0255021 0.024595 0.0239374 0.023284 0.0227623 0.0225968 0.0226536 0.02275 0.0232947 0.0229774 0.0226721 0.022324 0.0220715 0.022143 0.0223457 0.0225693 
0.0378882 0.031375 0.0283845 0.0257815 0.0245547 0.0235996 0.0232189 0.0254624 0.024593 0.0239364 0.0232813 0.0227637 0.0226734 0.0226815 0.0227694 0.0232601 0.0229702 0.0226337 0.0223156 0.0220509 0.0220894 0.0223531 0.0225275 
0.0378911 0.0313247 0.0283932 0.0257014 0.0245275 0.0235688 0.0232309 0.025496 0.024614 0.0239025 0.0232966 0.0227297 0.0225933 0.0226592 0.0227472 0.0233254 0.0229487 0.0226572 0.0223434 0.0220375 0.0221175 0.0223223 0.0225115 
0.0378699 0.0314102 0.0284156 0.0257322 0.024539 0.0235784 0.0232081 0.0254726 0.0245718 0.0239331 0.0232949 0.0227259 0.0225891 0.0226857 0.0227473 0.0232877 0.0229537 0.0226956 0.0223507 0.0220852 0.0221168 0.0223562 0.0224932 
0.0378581 0.0313399 0.0284384 0.0257518 0.0245194 0.0235972 0.0231985 0.0254895 0.0245926 0.0239253 0.023253 0.0227741 0.0226527 0.0226303 0.0227662 0.0233069 0.0229726 0.0226642 0.0223325 0.0220852 0.022113 0.0223304 0.0225412 
0.0378762 0.0313903 0.0283995 0.0257698 0.0245955 0.0235863 0.0232096 0.0255226 0.0246088 0.0239307 0.0232808 0.0227921 0.0226339 0.0226944 0.0227622 0.023298 0.0230029 0.022679 0.0223711 0.0220882 0.0221327 0.0223274 0.0225402 
0.0378957 0.0313978 0.0284109 0.0258039 0.0245788 0.0235841 0.0232517 0.0255032 0.0246446 0.0239383 0.023286 0.0227572 0.0226495 0.0227004 0.0227432 0.0232711 0.0229912 0.0226791 0.0223725 0.0221031 0.0221786 0.0223619 0.0225305 
0.0379058 0.0313298 0.0283751 0.025763 0.0245829 0.0235886 0.0232181 0.0255199 0.0246261 0.023969 0.0233207 0.022774 0.0226279 0.0226441 0.0227698 0.023283 0.0229633 0.0226797 0.0223804 0.0220747 0.0221643 0.0223329 0.0225354 
0.0379174 0.0313459 0.0284098 0.02573 0.024595 0.0235943 0.0232169 0.0254657 0.0246109 0.0239935 0.0232777 0.022806 0.0226023 0.0226661 0.0227774 0.0233212 0.0230172 0.0226891 0.0223541 0.0221155 0.0221202 0.0223218 0.0225154 
0.0378802 0.0313199 0.0283922 0.0257499 0.0245411 0.0236041 0.0232378 0.0254704 0.0246154 0.0239865 0.0232999 0.0228065 0.0226416 0.022687 0.0227667 0.0233135 0.0230049 0.0226972 0.0223625 0.0220879 0.0221285 0.0223293 0.0225317 
0.0378247 0.0313565 0.0283861 0.0257773 0.0245412 0.0236289 0.0232246 0.0255396 0.0246508 0.0239902 0.0233301 0.0227841 0.0226641 0.0226754 0.0227647 0.023342 0.0229983 0.0227167 0.0223714 0.0221244 0.0221711 0.022352 0.022515 
0.0378986 0.031377 0.028433 0.0257773 0.0245469 0.0236271 0.0232313 0.0254815 0.0246382 0.0239487 0.0232974 0.022804 0.0226657 0.0226822 0.0227859 0.02329 0.0230099 0.0226851 0.0223625 0.0221127 0.0221644 0.0223564 0.0225269 
0.037882 0.0313481 0.0284628 0.0257441 0.024587 0.0236065 0.0232338 0.0254591 0.0246129 0.0239924 0.0233155 0.0228152 0.0226684 0.0226751 0.0227986 0.0233199 0.0229905 0.022707 0.022377 0.0221431 0.0221617 0.0223472 0.0225229 
0.0379081 0.0313176 0.0284058 0.0257103 0.0245806 0.0236248 0.023248 0.0255244 0.0246334 0.0239856 0.023348 0.0228305 0.0226451 0.0226598 0.0227751 0.0233405 0.0229821 0.0227297 0.0223663 0.0221339 0.022151 0.0223275 0.022523 
0.0379235 0.0314113 0.0284215 0.0258337 0.0245845 0.0236117 0.0232558 0.0255725 0.0246587 0.0239798 0.0233357 0.0228235 0.0226716 0.0226957 0.0228261 0.0234088 0.0230675 0.0227274 0.0223739 0.0221269 0.0221438 0.0223565 0.0225348 
0.0378873 0.0313286 0.0283977 0.0257543 0.0245318 0.0235909 0.0232334 0.0254895 0.0247117 0.0240006 0.0233268 0.0228341 0.0226731 0.0227005 0.0227858 0.0233609 0.0230235 0.0227292 0.0224096 0.0221297 0.0221982 0.0223694 0.0225168 
0.0379082 0.0313472 0.0284783 0.0257365 0.0246158 0.0236671 0.0232266 0.0255873 0.0246764 0.0239943 0.0233682 0.0228388 0.0226768 0.0227221 0.0227863 0.0233551 0.0230318 0.0227469 0.0224247 0.0221636 0.0221826 0.0223546 0.0225197 
0.0379477 0.0313604 0.0283891 0.0257829 0.0245874 0.0236454 0.0232511 0.0255192 0.0246791 0.0240019 0.0233683 0.022825 0.0226559 0.0227088 0.0228082 0.0233917 0.0230285 0.0227362 0.0224062 0.0221163 0.0221603 0.022343 0.0225064 
0.0379469 0.0313624 0.0284798 0.0257954 0.0245767 0.0236407 0.0232826 0.0255672 0.0246717 0.0240245 0.0233763 0.0228647 0.0226566 0.0227115 0.0228216 0.0233708 0.0230537 0.0227503 0.0224299 0.0221924 0.0222559 0.0224288 0.0225127 
0.0379626 0.0313212 0.0284506 0.0257507 0.0246233 0.0236517 0.0232445 0.025542 0.024639 0.0240228 0.0233943 0.0228619 0.0226751 0.0226743 0.0227815 0.0233489 0.0230385 0.0227299 0.0224145 0.0221851 0.0221916 0.0223721 0.0225224 
0.0379235 0.0313975 0.0284194 0.025765 0.0245786 0.0236376 0.023236 0.0255563 0.0246964 0.0240213 0.023385 0.0228376 0.0226786 0.0227094 0.0228113 0.0233263 0.0230196 0.0227207 0.0224131 0.0221354 0.0221724 0.0223468 0.0225122 
0.037888 0.0313527 0.0283913 0.0256944 0.0245573 0.0236288 0.0232417 0.0255577 0.0246485 0.0240187 0.0233384 0.0228677 0.0227027 0.0226676 0.0227641 0.0233662 0.0230362 0.0227405 0.0224117 0.0221332 0.0221513 0.0223611 0.0225063 
0.0379356 0.0314156 0.0284656 0.0257836 0.0246185 0.0236231 0.0232476 0.0255821 0.0246857 0.0240293 0.0233861 0.0228511 0.0226953 0.0226749 0.0227816 0.0233702 0.0230419 0.0227441 0.0224247 0.022156 0.0222027 0.022355 0.0225133 
0.0378768 0.0313444 0.0284815 0.0258041 0.0245986 0.02361 0.0232564 0.0255656 0.024692 0.0240203 0.0233823 0.0228721 0.0227276 0.0226958 0.0228225 0.0233579 0.0230458 0.0227596 0.022417 0.0221813 0.0222106 0.0223754 0.0225573 
