0.028692 0.0300266 0.0301823 0.0298999 0.0305822 0.0317921 0.0357593 0.0355828 0.0348353 0.0338858 0.0335268 0.0333456 0.0335185 0.0338927 0.035735 0.0357759 0.0352479 0.0347308 0.0342147 0.0341202 0.0346388 0.0346635 0.0356857 
0.03035 0.0293441 0.0286846 0.0289225 0.0293288 0.0308406 0.0351073 0.0352436 0.0343593 0.0331439 0.0325277 0.0325633 0.0330214 0.0331682 0.0348724 0.0350209 0.0343685 0.0337758 0.0333916 0.0332235 0.033935 0.0338887 0.0349527 
0.0285412 0.0272782 0.0269648 0.0274165 0.0282068 0.0307896 0.0357983 0.035751 0.0346553 0.0332567 0.0327834 0.0329735 0.0335824 0.0337127 0.0357192 0.0357275 0.0350585 0.0343973 0.0339283 0.0337789 0.0346032 0.0345324 0.0357243 
0.0275035 0.0269854 0.0269826 0.0261539 0.0293937 0.0307876 0.0353387 0.0352969 0.0342612 0.0330697 0.0326869 0.032311 0.0330996 0.0332116 0.0352657 0.035174 0.0344939 0.0338484 0.0333643 0.0331319 0.0340665 0.0341599 0.0352262 
0.0273661 0.0260742 0.0259955 0.0261714 0.0291186 0.0298352 0.0350131 0.0347826 0.0334229 0.0322774 0.0316407 0.0320924 0.0325316 0.0329757 0.0349196 0.0347217 0.0341517 0.0333919 0.0329607 0.0332518 0.0336268 0.0339102 0.0348631 
0.0261442 0.0247579 0.0253773 0.0268094 0.0285167 0.029826 0.0346079 0.0343277 0.0330273 0.0317392 0.0313903 0.0318019 0.0320367 0.0325596 0.03454 0.0343386 0.0336774 0.0330134 0.0327261 0.0327959 0.0331637 0.0333984 0.0345307 
0.025732 0.0244889 0.0252951 0.0275827 0.0283161 0.0296142 0.0342897 0.0339302 0.0325751 0.0314447 0.0313101 0.0316322 0.0317721 0.0322204 0.0341813 0.0339852 0.0333224 0.0326802 0.0325261 0.0324561 0.0328951 0.033025 0.0342059 
0.02918 0.0274723 0.026404 0.0279805 0.027949 0.0296896 0.0340048 0.0334882 0.0322959 0.0313423 0.0310303 0.0313257 0.031433 0.0319981 0.0338784 0.0336496 0.032999 0.0326038 0.0323401 0.0321023 0.0325621 0.0327688 0.0338437 
0.031364 0.0288213 0.0286763 0.0285967 0.02847 0.0294928 0.0337925 0.0332519 0.0320873 0.0313653 0.0309734 0.031152 0.0310034 0.0316849 0.0336594 0.0334819 0.0328603 0.0324715 0.0321248 0.0318967 0.032238 0.0325277 0.0336671 
0.0306825 0.0291114 0.029725 0.0289975 0.0279552 0.0291478 0.0333292 0.0328051 0.0316821 0.0308379 0.030601 0.0305974 0.0305954 0.0312881 0.0331401 0.0329592 0.0324857 0.0320144 0.0316563 0.031416 0.0317654 0.0321339 0.0332012 
0.0312074 0.0316283 0.0300821 0.0284759 0.0282909 0.0291505 0.032968 0.0326548 0.0315109 0.0305943 0.0304095 0.0302499 0.0302694 0.0311057 0.0329554 0.032881 0.0324977 0.0318817 0.0315097 0.0311947 0.0316199 0.0319069 0.0329979 
0.0305022 0.0297747 0.0286995 0.0280136 0.0274923 0.0288627 0.0332227 0.0329115 0.0319214 0.0309357 0.0305346 0.0305114 0.0305491 0.0313408 0.0332755 0.0332157 0.0327032 0.0320274 0.0316343 0.0312874 0.0318386 0.0321145 0.0333192 
0.0296075 0.0280372 0.0275239 0.0268617 0.0267441 0.0286513 0.0331155 0.0329834 0.0316633 0.0307297 0.0303912 0.0303364 0.0305076 0.0312973 0.0331609 0.0331366 0.0325602 0.0318807 0.0314803 0.0311467 0.031868 0.0320832 0.0331751 
0.0293909 0.0277673 0.0270443 0.0267645 0.0267276 0.0285062 0.0330745 0.032878 0.0318191 0.0306956 0.0301901 0.0300104 0.0305354 0.0311868 0.03308 0.0332117 0.0325214 0.0318295 0.0313335 0.0310291 0.0316764 0.0319974 0.0331216 
0.029225 0.0280834 0.0267207 0.0263261 0.0271321 0.0286754 0.0333142 0.0331401 0.0320019 0.0308962 0.0302784 0.0299115 0.0303931 0.0310789 0.033093 0.0330256 0.0324226 0.0318009 0.0312733 0.0309406 0.0316003 0.0319323 0.0331339 
0.0292309 0.0274736 0.027433 0.0263838 0.0269574 0.0286928 0.0331228 0.0330173 0.0317806 0.0306266 0.0300244 0.0297315 0.0301139 0.0309652 0.0329698 0.032856 0.0322785 0.0316299 0.0310266 0.0308434 0.0314528 0.0317883 0.0330124 
0.0303286 0.0277872 0.0266906 0.0252983 0.02661 0.0285252 0.0329047 0.0327459 0.0316074 0.0304846 0.0297933 0.029452 0.0300144 0.0307153 0.0327593 0.0326287 0.0320178 0.0313856 0.0308323 0.0306803 0.0313537 0.0316278 0.0328192 
0.0292657 0.0285368 0.0264103 0.025666 0.0268313 0.0283312 0.032635 0.032501 0.0313265 0.0300764 0.02953 0.0293182 0.0297273 0.0305465 0.0325347 0.0324332 0.0316748 0.0310248 0.0305499 0.030472 0.0311889 0.0315511 0.0326917 
0.028343 0.0273649 0.0265768 0.0253289 0.0264738 0.028119 0.03241 0.0321558 0.0309316 0.0298345 0.0291447 0.0292834 0.0295634 0.0304608 0.0325454 0.0323467 0.0315935 0.0309238 0.03041 0.0303194 0.0309258 0.0312497 0.0324021 
0.0309899 0.0294386 0.0282989 0.0255374 0.0262602 0.0281225 0.0322889 0.0320151 0.0308853 0.0296625 0.0290635 0.0290762 0.0295525 0.0302997 0.0322991 0.0320792 0.031407 0.0307891 0.0302746 0.0303256 0.0308138 0.0311731 0.0323201 
0.0303715 0.0292553 0.0268314 0.0248418 0.0260443 0.0279889 0.0322979 0.0320351 0.0307919 0.0295674 0.028829 0.0290749 0.029438 0.0303903 0.0323661 0.0322131 0.0314256 0.030672 0.0302247 0.0303482 0.0308561 0.0312289 0.0322909 
0.0292726 0.0268357 0.0254167 0.0242225 0.0254832 0.0276918 0.0323195 0.0319462 0.0307244 0.0294191 0.0287941 0.0290378 0.0294073 0.0302627 0.0323569 0.0321095 0.0314098 0.0307181 0.0301984 0.0302666 0.030792 0.031222 0.0324051 
0.0291493 0.0276679 0.0253769 0.0244942 0.0255217 0.0279755 0.032431 0.0318899 0.0306021 0.0292348 0.0286827 0.029134 0.0294383 0.0303722 0.0324435 0.0321151 0.0313999 0.0307325 0.0301884 0.0303237 0.0309093 0.031256 0.0324314 
0.0293392 0.0264852 0.0251177 0.0246824 0.0257312 0.0277833 0.0323451 0.0317871 0.0304233 0.0293152 0.0286465 0.0289394 0.029422 0.030215 0.0323187 0.0319855 0.0313069 0.0305871 0.0301673 0.0301716 0.0307669 0.0311477 0.0323764 
0.0285165 0.0260343 0.0259352 0.0249242 0.0253508 0.0277434 0.0322547 0.0316063 0.0302423 0.0290223 0.0284932 0.0288543 0.0291453 0.0301127 0.032175 0.0318441 0.031097 0.0304114 0.0300732 0.0300273 0.0306688 0.0310038 0.0322231 
0.0295387 0.0272324 0.0256311 0.0246493 0.0255339 0.0277522 0.0321707 0.0315309 0.0301568 0.0289606 0.0284155 0.0287049 0.0291159 0.0301205 0.0321254 0.0316926 0.0309963 0.030372 0.0300768 0.0298747 0.0305873 0.0309584 0.0321637 
0.0295624 0.0284656 0.0260405 0.0246684 0.0252962 0.0273246 0.03202 0.0312189 0.0298644 0.0286915 0.028172 0.0284956 0.0289843 0.029932 0.0319574 0.0316048 0.0308737 0.0301957 0.0299147 0.0297619 0.0304721 0.0311025 0.0322539 
0.0283332 0.025093 0.0259741 0.0252336 0.0252159 0.0273233 0.0317418 0.0310785 0.029578 0.0285535 0.0280687 0.0285635 0.0290893 0.0299682 0.0319969 0.0315892 0.0308451 0.0301996 0.0299395 0.0297831 0.0304844 0.0308701 0.0320416 
0.0307499 0.0285904 0.0266147 0.0262296 0.0253623 0.0273152 0.0316931 0.0308731 0.0296011 0.0285465 0.0280734 0.028537 0.0290192 0.0300119 0.0319511 0.0315228 0.0309178 0.0302563 0.0299607 0.029677 0.030391 0.0307879 0.0320364 
0.0301447 0.0276317 0.0262312 0.0254924 0.0251435 0.0274349 0.0315776 0.0307421 0.0292935 0.0283367 0.0279789 0.0283262 0.0288513 0.0297666 0.031775 0.0312959 0.0306599 0.0301131 0.0297769 0.0295391 0.0302213 0.0306724 0.031802 
0.0287718 0.0258793 0.0258643 0.0250278 0.0249896 0.0269993 0.0314901 0.0306061 0.029251 0.0282408 0.0279646 0.0282112 0.0287701 0.0297963 0.0317268 0.031233 0.0306113 0.0300854 0.0296458 0.0294751 0.0302025 0.0306301 0.0317568 
0.0283802 0.0274922 0.0262655 0.02498 0.0250722 0.0271814 0.0315988 0.030754 0.0292981 0.0283254 0.0279849 0.0282777 0.0287617 0.0297574 0.0318178 0.0313701 0.0307035 0.0301654 0.0297096 0.0296233 0.0302644 0.030724 0.0318527 
0.0291574 0.0269803 0.0266355 0.0254432 0.0249828 0.0272146 0.0314363 0.0305077 0.0291543 0.0281941 0.027973 0.0282148 0.0287271 0.0297169 0.0316929 0.0312934 0.0306165 0.0300686 0.0296009 0.0294852 0.0302212 0.0305632 0.0318223 
0.0281262 0.0258077 0.0263101 0.02538 0.0248393 0.0271688 0.0313737 0.0304371 0.0291459 0.0281381 0.0277895 0.0281065 0.0286724 0.029568 0.0315961 0.0311581 0.0305275 0.0299489 0.0295608 0.0295157 0.0301166 0.030492 0.0316768 
0.0282365 0.0277206 0.0277581 0.0258562 0.0251762 0.026999 0.0313782 0.0304433 0.0290581 0.0280758 0.0277417 0.0280667 0.0286661 0.0297434 0.0316433 0.0312159 0.0305032 0.0299918 0.029439 0.0294716 0.0300903 0.0305319 0.0316906 
0.0290409 0.0276237 0.0265302 0.0248878 0.0249016 0.0269629 0.0312687 0.0302876 0.0289455 0.0281277 0.0276734 0.0280645 0.0285131 0.0295416 0.0315087 0.0311307 0.0304634 0.0298485 0.0293766 0.029367 0.0299981 0.0303677 0.0315893 
0.0270832 0.0262659 0.0266016 0.0255536 0.0246946 0.026907 0.0310856 0.0301806 0.0288907 0.0279677 0.0274653 0.0279454 0.0284103 0.0294647 0.0313694 0.0310279 0.0303166 0.0296611 0.0291945 0.0291811 0.0298923 0.0302782 0.0314782 
0.0286105 0.0277401 0.026869 0.0259662 0.0250505 0.0269293 0.0310699 0.0301729 0.0288124 0.0279428 0.0275591 0.027955 0.0283973 0.0294541 0.0313928 0.0310099 0.0303061 0.0296678 0.0291523 0.0291874 0.0297924 0.0302337 0.0313918 
0.0286019 0.0280482 0.0272453 0.0258239 0.0248133 0.0269921 0.0309576 0.030052 0.0287814 0.0279305 0.0273069 0.0277427 0.0283023 0.0293039 0.0312041 0.0308654 0.0301385 0.0294974 0.0290374 0.0290621 0.0297119 0.0300874 0.031234 
0.0279035 0.0267676 0.0266307 0.0252193 0.024484 0.026692 0.030842 0.0299262 0.028738 0.0277262 0.027202 0.0276843 0.0282603 0.0291973 0.0311368 0.0307396 0.0300793 0.029446 0.028948 0.0289136 0.0296564 0.0300535 0.0311966 
0.0283049 0.0275009 0.0264508 0.0256258 0.0247301 0.0266094 0.0308982 0.0300419 0.0287389 0.0277675 0.027209 0.0277002 0.0282937 0.029359 0.0312114 0.0307941 0.0300769 0.0294274 0.028981 0.0289408 0.0296883 0.030105 0.0312577 
0.0283557 0.0280213 0.0268903 0.0259657 0.0247923 0.0265235 0.030829 0.0299209 0.02874 0.0277037 0.0271675 0.0276177 0.0281098 0.0292292 0.0310679 0.0307069 0.0299889 0.0292793 0.0288969 0.0288573 0.0295481 0.029992 0.0311124 
0.027868 0.0266914 0.0261948 0.0253732 0.0243784 0.0266572 0.0307539 0.0298844 0.0285613 0.0275048 0.0270459 0.0274974 0.0280582 0.0290508 0.0309869 0.0305874 0.0298866 0.0292129 0.0287885 0.0288341 0.0294864 0.0299454 0.0311136 
0.0288959 0.0277334 0.0264629 0.0246554 0.0246224 0.0266139 0.0307957 0.0299139 0.0286301 0.02754 0.0270983 0.027517 0.0281378 0.0290961 0.031033 0.0306007 0.0299105 0.0292225 0.028828 0.0288229 0.0295165 0.0299344 0.0310931 
0.0291659 0.0288546 0.0271498 0.0254409 0.0245989 0.0266877 0.0307275 0.0298541 0.0285072 0.0274747 0.0269299 0.0273481 0.0280127 0.029042 0.0309506 0.0304824 0.0297935 0.0291205 0.0287732 0.0286573 0.0294416 0.0298642 0.0309987 
0.0276945 0.0272537 0.0259764 0.02535 0.0242126 0.0264476 0.0306128 0.0297705 0.0284835 0.0273518 0.0268367 0.0273124 0.0278335 0.028917 0.0308171 0.0304016 0.0296973 0.0290786 0.0287374 0.0286201 0.0293712 0.0297515 0.0308996 
0.0288043 0.028762 0.0267507 0.025109 0.0246178 0.0264401 0.0305709 0.0297049 0.0284169 0.0273728 0.0268812 0.0273077 0.0279421 0.0289679 0.0308677 0.0303606 0.0296783 0.0290623 0.0287429 0.0286459 0.0293395 0.0297491 0.0309262 
0.029288 0.0282858 0.0266314 0.0260556 0.0243225 0.0264151 0.0305238 0.0296963 0.0283274 0.0271091 0.0268014 0.0272555 0.0278462 0.0288798 0.0307533 0.0302821 0.0295985 0.028957 0.028631 0.0285293 0.0292212 0.0296582 0.0308495 
0.028733 0.0270763 0.0261063 0.0252646 0.024363 0.0262377 0.0304187 0.0295082 0.0282172 0.0270709 0.0266162 0.0271993 0.0276815 0.0287688 0.0306552 0.0301717 0.0294851 0.0288789 0.0285074 0.0285073 0.029146 0.0295316 0.030714 
0.0284786 0.0278253 0.0265085 0.025837 0.0242721 0.0262969 0.0303851 0.0295511 0.0281709 0.0270951 0.0266443 0.027201 0.0278074 0.0288159 0.030737 0.0302661 0.0295397 0.028886 0.0285478 0.0284686 0.0292155 0.0296207 0.030725 
0.028863 0.0279732 0.0265732 0.0258152 0.0243102 0.0262762 0.0303609 0.0294184 0.0280646 0.0270012 0.0266651 0.0270427 0.0277041 0.028647 0.0306355 0.0301238 0.0293911 0.0287964 0.0284719 0.028434 0.0291319 0.0295562 0.0307432 
0.0287312 0.0270112 0.0252534 0.024901 0.023922 0.0262717 0.0302379 0.029332 0.028032 0.0270518 0.0265724 0.0269422 0.027609 0.0286241 0.0305226 0.0300054 0.0293288 0.0287543 0.028361 0.0283764 0.0290453 0.0294703 0.0306487 
0.0292045 0.0269145 0.0262968 0.0251536 0.0243557 0.0261962 0.0302836 0.0293556 0.0279678 0.0270003 0.0266984 0.0270187 0.0276764 0.0287273 0.0305604 0.0300812 0.0293287 0.0287681 0.0283258 0.028393 0.029115 0.029562 0.0306673 
0.0295774 0.027315 0.0263645 0.0256043 0.0241175 0.0262202 0.0302401 0.0292327 0.0278669 0.0268526 0.026597 0.0270147 0.027688 0.0286024 0.030502 0.0299727 0.0292502 0.0286667 0.0282578 0.028386 0.0289866 0.0294717 0.0306309 
0.0286034 0.0261311 0.0262945 0.0250604 0.0245908 0.0261648 0.030174 0.0292061 0.027751 0.0267914 0.0264237 0.0269407 0.0275051 0.0285472 0.0303655 0.0298631 0.0292386 0.0286455 0.0282015 0.0282648 0.0289364 0.0293393 0.0304139 
0.0286691 0.0273868 0.0263636 0.0252223 0.0243703 0.0262251 0.0301766 0.029154 0.0278198 0.0268334 0.0264587 0.0269126 0.0275448 0.0285389 0.0304514 0.0299172 0.0291579 0.0286499 0.0281778 0.0283477 0.028943 0.029394 0.030512 
0.0290772 0.0277105 0.02643 0.0254182 0.0244761 0.0261968 0.0301479 0.0290665 0.0276896 0.0267922 0.0264019 0.0268615 0.0274633 0.0285557 0.0303503 0.0297906 0.0291454 0.0285161 0.0281415 0.0281168 0.0289174 0.0293091 0.0304583 
0.0281397 0.0270581 0.0264404 0.0253467 0.0243411 0.026021 0.0300082 0.0290147 0.0275867 0.0266411 0.0263057 0.026815 0.0274262 0.0284581 0.0302593 0.0298048 0.0291341 0.0285242 0.0280267 0.0280736 0.028782 0.0292092 0.0303283 
0.0275621 0.0273488 0.0260783 0.0253968 0.0237799 0.0258772 0.0300203 0.0289834 0.0276434 0.0266611 0.0262837 0.0267521 0.0273916 0.0285267 0.0303046 0.0297157 0.0290721 0.0285145 0.028098 0.0280734 0.0287826 0.0292304 0.0303763 
0.028606 0.0269646 0.0260932 0.0250788 0.0237054 0.0258559 0.0299536 0.0289772 0.0275224 0.0266281 0.0262575 0.0266829 0.0272925 0.0283825 0.0302163 0.0296856 0.029044 0.0284438 0.028006 0.0280598 0.0287518 0.0291907 0.0303119 
0.0276519 0.0266837 0.0261639 0.0254676 0.0241043 0.0258802 0.0298826 0.0288485 0.0274984 0.0266087 0.0262357 0.026637 0.0273277 0.0283429 0.0301635 0.0295631 0.0289254 0.0283626 0.0279678 0.0279445 0.0287267 0.0290984 0.0302085 
0.0278218 0.0275894 0.0258607 0.0256457 0.0241468 0.0259667 0.0299874 0.0288698 0.0274247 0.026596 0.026143 0.0266548 0.0273631 0.0283585 0.0302033 0.0295936 0.0289841 0.0283759 0.0279685 0.0279731 0.0287341 0.0291457 0.0303375 
0.0277267 0.0267919 0.0259291 0.0254596 0.0240113 0.025936 0.0299169 0.0287764 0.0274379 0.0265117 0.0261881 0.026675 0.0273092 0.0282869 0.0301779 0.0296345 0.0289327 0.028312 0.0279654 0.0280049 0.0286388 0.0290965 0.0301814 
0.0275946 0.0268701 0.025573 0.0254928 0.0242756 0.0260135 0.0297751 0.0287163 0.0273788 0.026573 0.0260184 0.0265722 0.027189 0.0282608 0.0300582 0.0295175 0.0288646 0.0282673 0.0279239 0.0278813 0.0285742 0.0290254 0.030113 
0.0272025 0.0267985 0.0262049 0.0251006 0.0242877 0.0260628 0.0298544 0.0287186 0.0273793 0.0265089 0.026159 0.0266121 0.0271583 0.0283377 0.0301061 0.0295683 0.0288937 0.0282825 0.0279414 0.02795 0.0286612 0.0290996 0.0302566 
0.0278468 0.0271108 0.0261058 0.0258699 0.0248081 0.0259866 0.0297882 0.0287306 0.0273529 0.0263857 0.0260437 0.0266042 0.0272267 0.0282458 0.0300893 0.0295696 0.0288879 0.0282479 0.0279188 0.0278912 0.0285479 0.0290104 0.0301403 
0.0275453 0.0264638 0.0261827 0.0250294 0.0245723 0.0259595 0.0297353 0.0285739 0.0272499 0.0263797 0.0259778 0.0265051 0.0271719 0.028175 0.0299632 0.0294388 0.0287707 0.0281631 0.0278468 0.0278281 0.0285382 0.0289066 0.0300593 
0.0263334 0.0268596 0.0260102 0.0254177 0.0245773 0.0259595 0.0297731 0.0285639 0.0273116 0.0263488 0.026032 0.0265467 0.0271317 0.0282223 0.0299972 0.0294864 0.0287709 0.0281814 0.0278382 0.0277961 0.0285353 0.0289497 0.0300961 
0.0268757 0.0271002 0.0257202 0.0249959 0.0241762 0.0259511 0.0296682 0.0285572 0.0272137 0.0263897 0.0259186 0.0264465 0.027137 0.0282409 0.0299605 0.0294307 0.0287366 0.0281524 0.0278395 0.0278987 0.0284725 0.0289188 0.030052 
0.027114 0.026451 0.0261415 0.0252118 0.0245485 0.0258505 0.0296205 0.0285356 0.0272173 0.0262731 0.0258671 0.0263814 0.0271546 0.0281413 0.0298803 0.0293736 0.0286841 0.0281205 0.0277759 0.02779 0.0284384 0.028859 0.0299945 
0.0264559 0.0272267 0.0263121 0.0256214 0.0241359 0.0257448 0.0297239 0.0285266 0.027261 0.0262935 0.0259724 0.0264736 0.0271186 0.0282283 0.0299074 0.0293971 0.0286792 0.0280335 0.027713 0.0277809 0.0284451 0.0288823 0.0299915 
0.0276057 0.0274751 0.0260442 0.0246982 0.0240776 0.0256857 0.0296519 0.0285202 0.0271667 0.0263024 0.0259274 0.0262956 0.0270503 0.0281476 0.0298622 0.0293482 0.0286225 0.0280246 0.0276892 0.027715 0.0284549 0.0288408 0.029932 
0.0271266 0.0267454 0.0262362 0.0254637 0.023977 0.0256199 0.0295811 0.0284075 0.027141 0.0261565 0.0257868 0.0263505 0.0269796 0.0280057 0.0297921 0.0292206 0.0285554 0.0279695 0.0276022 0.0276274 0.0283931 0.0288192 0.0298317 
0.0269104 0.0274847 0.0263783 0.0249455 0.0238109 0.0256518 0.029595 0.02844 0.0271873 0.0262006 0.0258315 0.0263685 0.0269253 0.0280159 0.0298202 0.0292771 0.0285675 0.0280075 0.0276466 0.0276626 0.0284146 0.0288724 0.0299258 
0.0276112 0.0273875 0.0261665 0.0252546 0.0241529 0.0257313 0.02948 0.028408 0.027107 0.0262191 0.0257569 0.0264013 0.026996 0.0280169 0.0298003 0.0292742 0.0285427 0.0279937 0.0276614 0.0277091 0.0283694 0.0287671 0.0298689 
0.0268361 0.0265047 0.0258986 0.025622 0.0241117 0.025684 0.0294684 0.0283373 0.0270044 0.0260362 0.0257661 0.0263175 0.0269268 0.0279575 0.0297364 0.0291639 0.0284649 0.0279257 0.0275409 0.027602 0.0282754 0.0286887 0.0297402 
0.0269335 0.0274554 0.025978 0.0256636 0.024406 0.025759 0.029496 0.028446 0.0270563 0.0261185 0.0257918 0.0262355 0.0268732 0.0279428 0.0297228 0.0291574 0.0284884 0.0278776 0.027519 0.0275867 0.0282806 0.0286811 0.0297788 
0.0275233 0.0274364 0.0264318 0.0253838 0.0242542 0.0257643 0.0294711 0.0283507 0.0270113 0.0260811 0.0256781 0.0262611 0.0268329 0.0278977 0.0296717 0.0291103 0.0284398 0.0278911 0.0274814 0.0275579 0.0282481 0.0286313 0.0297984 
0.0270646 0.0264325 0.0259466 0.0252953 0.024327 0.0257076 0.0294318 0.0282685 0.0268978 0.0259666 0.0256889 0.0262283 0.0268158 0.0278821 0.0296408 0.0290917 0.0284415 0.0278685 0.0275013 0.0275252 0.0282047 0.0286992 0.0297632 
0.0274349 0.0271948 0.0261924 0.0256103 0.0244544 0.0257359 0.0294962 0.0282922 0.0268915 0.0260408 0.0257044 0.0262276 0.0268566 0.0279803 0.0297067 0.0291055 0.0283725 0.0278507 0.0274331 0.0275248 0.0282269 0.0286226 0.029738 
0.0277706 0.0272069 0.0263336 0.0255978 0.0245124 0.0256715 0.0294154 0.0282056 0.0269556 0.025955 0.025681 0.0261474 0.0267993 0.0278031 0.0296048 0.0290463 0.0283458 0.0277932 0.0274672 0.0275077 0.0281755 0.0285899 0.0297446 
0.0277161 0.0266046 0.0261213 0.0254968 0.0243859 0.0256674 0.0293037 0.0282339 0.0268654 0.0259259 0.0256333 0.0261263 0.0268146 0.0278739 0.0295793 0.0289944 0.0283368 0.0277834 0.0274316 0.02744 0.028132 0.0285093 0.0296986 
0.027564 0.0271114 0.0263915 0.0258359 0.0240601 0.0255734 0.0294287 0.0282055 0.02681 0.0258993 0.0256482 0.0261549 0.0267658 0.0278187 0.0296081 0.0290361 0.0282851 0.0277611 0.0274071 0.0274825 0.0281985 0.0285878 0.0296749 
0.0280069 0.0267725 0.0262216 0.0254994 0.0241528 0.0255746 0.0292857 0.0281529 0.0269033 0.0259294 0.0256035 0.0261714 0.0268173 0.0278143 0.0295863 0.0289762 0.0283336 0.0277445 0.0274141 0.0275169 0.0281113 0.0285194 0.0296652 
0.0276999 0.0269181 0.0255721 0.0247655 0.0239509 0.0256106 0.0292573 0.0281601 0.0267495 0.025893 0.0254876 0.0259954 0.0267981 0.0277191 0.0294739 0.0289211 0.0282149 0.0276534 0.0273251 0.0274003 0.0280739 0.0284516 0.0296147 
0.02752 0.0269334 0.0258944 0.0250733 0.0234727 0.0255481 0.0292939 0.0281016 0.0267244 0.0259065 0.0255533 0.0260619 0.026686 0.0277676 0.0295029 0.028902 0.0282089 0.0276995 0.027376 0.0273561 0.0280436 0.0285183 0.0296312 
0.0281777 0.0265263 0.0262039 0.0253221 0.0239094 0.0255731 0.0293091 0.0280832 0.0267542 0.0258688 0.0254219 0.0259838 0.0266528 0.0277248 0.0294877 0.0288121 0.0281713 0.0276724 0.0273209 0.0273578 0.0280514 0.028467 0.0295369 
0.0280762 0.0266917 0.0262366 0.0256234 0.0240305 0.0254755 0.0291884 0.0279896 0.0266159 0.0257961 0.025454 0.0260277 0.0266381 0.0277493 0.0294645 0.0288544 0.028218 0.0276519 0.0272894 0.0273038 0.0280187 0.0284288 0.0295375 
0.0280359 0.0270247 0.0259346 0.0254682 0.0244828 0.0255688 0.0292516 0.0280179 0.0266781 0.0257942 0.0254734 0.0260193 0.0267195 0.027727 0.0294374 0.0288643 0.0281741 0.0276263 0.0273033 0.0272705 0.0280635 0.0284391 0.0295418 
0.0276832 0.0270768 0.0255424 0.025412 0.0243969 0.0256085 0.0291829 0.0279731 0.0265873 0.0257718 0.0253986 0.0259842 0.026634 0.0276917 0.0294384 0.0287919 0.0281316 0.0276132 0.0272899 0.0273151 0.0279683 0.0284047 0.0295465 
0.0273417 0.0265783 0.0259372 0.0253461 0.0246547 0.0254985 0.0291089 0.0279506 0.0265788 0.0257499 0.0254166 0.025971 0.0265796 0.0276731 0.0293729 0.028805 0.0280552 0.0275843 0.027214 0.0272593 0.0279391 0.0283673 0.0294996 
0.0279542 0.0268004 0.0259266 0.0253187 0.0247597 0.0254882 0.0292238 0.0279049 0.0265803 0.0257624 0.0253617 0.0259994 0.026506 0.027732 0.0294373 0.0288043 0.028095 0.027596 0.0272105 0.0272608 0.0279892 0.0283902 0.0294976 
0.0280268 0.0266637 0.0260416 0.0252439 0.0249215 0.0254504 0.0291444 0.0278829 0.0266215 0.0257489 0.0253732 0.0259361 0.0265205 0.027698 0.0293808 0.0287624 0.0281125 0.027515 0.0271819 0.0272339 0.0279436 0.0283858 0.0294448 
0.0278427 0.0263422 0.0253732 0.025253 0.024188 0.0255608 0.0290488 0.0278742 0.0265033 0.0257052 0.0253853 0.025887 0.026501 0.0275901 0.0293307 0.0287291 0.0281066 0.0274519 0.0271475 0.0272128 0.027865 0.0283659 0.0293845 
0.0280062 0.0263199 0.0261124 0.0257865 0.0243434 0.0253277 0.0290863 0.0278895 0.0266335 0.0257348 0.0253338 0.025931 0.0265689 0.0276335 0.0293223 0.0287305 0.0280577 0.0275241 0.0271775 0.0272085 0.0279564 0.0283411 0.0294209 
0.0278765 0.0267721 0.0256622 0.0259694 0.024724 0.0252786 0.0291305 0.0278353 0.0265435 0.0256497 0.0254289 0.0259076 0.0265885 0.027631 0.0292891 0.028694 0.0280338 0.0274819 0.0271534 0.027223 0.0278167 0.0283125 0.029418 
0.0271467 0.0266405 0.0258242 0.0256934 0.0245463 0.0254131 0.0291076 0.0277974 0.0264722 0.0256746 0.0253086 0.025811 0.0264643 0.0275 0.0292599 0.0286369 0.027982 0.0274107 0.0271114 0.0271473 0.027879 0.0282955 0.0293542 
0.0275324 0.0268334 0.0259542 0.0261327 0.0242165 0.0254428 0.0291414 0.0278006 0.0265186 0.0256309 0.0253547 0.0259002 0.0264786 0.0276043 0.0293238 0.0287414 0.0279996 0.02746 0.0271242 0.027234 0.0278583 0.0283235 0.0294435 
0.0276195 0.0264632 0.0262145 0.0256314 0.024104 0.025459 0.0290321 0.0277818 0.026498 0.0255729 0.025364 0.0258332 0.0265006 0.0274807 0.0292828 0.0286912 0.0279786 0.0274107 0.0270959 0.0272489 0.0278844 0.0283337 0.0293957 
0.0270023 0.0263963 0.0256625 0.0256578 0.024311 0.0254391 0.0290618 0.027701 0.0264256 0.0255487 0.0252561 0.0258245 0.0264473 0.0275251 0.0292288 0.0285646 0.0279528 0.0273663 0.0270591 0.027152 0.0277979 0.0282459 0.0293134 
0.0274586 0.0261796 0.0260531 0.0259438 0.0244689 0.0253944 0.0290584 0.0278017 0.0264803 0.0255695 0.0253317 0.0257965 0.0264183 0.0275687 0.0292458 0.0286415 0.027975 0.0274123 0.0270896 0.0271458 0.0278315 0.0282327 0.0293073 
0.0276085 0.026752 0.025951 0.0253051 0.0241858 0.0253815 0.0290367 0.0277584 0.0264776 0.0256022 0.0253452 0.0257926 0.026487 0.0275 0.0292213 0.0286615 0.0279294 0.0273952 0.0270522 0.0271158 0.0278393 0.0282062 0.0293132 
0.0270397 0.0265657 0.0259459 0.0248791 0.0244274 0.0254386 0.0289244 0.0276832 0.0263783 0.0254953 0.0251872 0.0257435 0.0264514 0.027515 0.0292344 0.028575 0.0279051 0.0273866 0.0269954 0.0270348 0.0277535 0.0281764 0.0292311 
0.0270701 0.0265145 0.0259926 0.0256703 0.024568 0.0253194 0.0290206 0.0277102 0.0264334 0.0255806 0.0252875 0.0256848 0.0264482 0.0274588 0.0292011 0.0286059 0.0279073 0.0273643 0.0270542 0.0271095 0.0277391 0.0282123 0.0292954 
0.0272565 0.0268247 0.0259089 0.0249627 0.0242739 0.0254581 0.028985 0.0277487 0.0263956 0.0255269 0.0252112 0.0257268 0.0264473 0.0274553 0.0291628 0.028577 0.0278573 0.0273879 0.0270268 0.0270818 0.0277553 0.0282518 0.0293068 
0.0268386 0.0266703 0.0259184 0.0253797 0.0238309 0.0253354 0.0288857 0.0276878 0.0263748 0.025452 0.0251513 0.0257373 0.0264052 0.0274648 0.0291349 0.0285174 0.0277734 0.0273032 0.0270561 0.0270266 0.0277418 0.0281592 0.0292285 
0.0269633 0.0269633 0.0261349 0.0252253 0.0239837 0.0252236 0.0289181 0.0276973 0.0263621 0.0255179 0.0251385 0.0256767 0.026357 0.02747 0.0291382 0.0285432 0.027861 0.0273129 0.0269885 0.0271069 0.0277612 0.0282005 0.0292743 
0.027222 0.0267293 0.0259183 0.0256392 0.0239833 0.0252212 0.0289027 0.0276815 0.0263411 0.0254912 0.0251116 0.0257146 0.0264439 0.0274007 0.0291256 0.0285501 0.0278122 0.0273025 0.0269618 0.0271101 0.0276641 0.0281108 0.0292306 
0.0271637 0.0266144 0.026011 0.0250587 0.023956 0.0253241 0.0288915 0.027641 0.0263246 0.0254401 0.0250595 0.0256977 0.0263915 0.0273736 0.0291275 0.0285172 0.0277879 0.0272689 0.026954 0.0270075 0.0276934 0.0281188 0.0291479 
0.0271686 0.0269428 0.0255364 0.024816 0.0245834 0.0252814 0.0288713 0.0276534 0.0262307 0.0254924 0.0251298 0.0256714 0.0264355 0.0274142 0.0291131 0.0284784 0.0277515 0.0272926 0.0269327 0.0270393 0.0276937 0.0281194 0.0292172 
0.0270759 0.0267449 0.0258919 0.0252753 0.0240218 0.0251186 0.0288626 0.0276498 0.0263259 0.0254039 0.0251215 0.0257321 0.026333 0.0273435 0.0290758 0.0284521 0.0277656 0.0272429 0.0269039 0.0270043 0.0277027 0.0280887 0.0291777 
0.0273806 0.0263423 0.0257818 0.0255096 0.0242314 0.0253112 0.0288221 0.0276363 0.0262427 0.0253683 0.0251045 0.0256571 0.0263005 0.0273648 0.029032 0.0284226 0.0277288 0.0272382 0.02689 0.0269614 0.0276653 0.0280258 0.0291188 
0.0270693 0.0263311 0.0257964 0.0258551 0.0242198 0.0252138 0.0289177 0.0276016 0.0262745 0.025417 0.0251072 0.0256403 0.0264064 0.0273818 0.0290983 0.0284511 0.0277328 0.0272248 0.0269542 0.0270253 0.027722 0.0280968 0.029233 
0.0275902 0.0266802 0.025304 0.0253254 0.0243122 0.025348 0.0287901 0.0275917 0.02623 0.0254334 0.0251136 0.0256677 0.0263161 0.0273374 0.0290452 0.0284055 0.0277453 0.0272369 0.0268957 0.0270003 0.0276956 0.0280561 0.0291285 
0.0271286 0.0267711 0.0259276 0.0256436 0.0241915 0.0253117 0.0287711 0.0275729 0.0261438 0.0253283 0.0250637 0.0256306 0.0263219 0.0274003 0.0290406 0.0283811 0.0277216 0.0271722 0.0268422 0.0269299 0.0276028 0.0280622 0.0290877 
0.0274354 0.0267274 0.0257567 0.0252657 0.0241361 0.0253018 0.0287569 0.0275176 0.026195 0.0253399 0.0251076 0.0255812 0.0262876 0.0273267 0.0290554 0.0284186 0.0276964 0.0271908 0.026902 0.0269908 0.0276292 0.0280416 0.0291114 
0.0276092 0.0270475 0.0259887 0.0249693 0.0243202 0.0253386 0.028789 0.0275255 0.0261543 0.0253552 0.0250104 0.0256088 0.0262949 0.0273581 0.0290419 0.0284134 0.0277338 0.0271503 0.0268559 0.0270068 0.0276181 0.0280221 0.0290863 
0.027453 0.0265363 0.0258408 0.02521 0.0241618 0.025264 0.0287314 0.0274465 0.0261934 0.0253453 0.0250421 0.0256009 0.0261734 0.0273312 0.0289766 0.0283133 0.0276907 0.0271044 0.0268167 0.0268344 0.0275473 0.0279912 0.0291035 
0.0273568 0.0266853 0.0256902 0.025174 0.0244861 0.0252546 0.0287655 0.0275236 0.0261899 0.0253166 0.0250473 0.0256605 0.0262767 0.0273596 0.0290365 0.028387 0.0276758 0.0271831 0.0268398 0.0268802 0.0275884 0.0280073 0.0290726 
0.0276522 0.0267354 0.0252673 0.0254338 0.0244785 0.0253046 0.0287458 0.0274732 0.0261472 0.0252901 0.0249907 0.025546 0.0261899 0.0273314 0.0289357 0.0283562 0.0276311 0.0271673 0.0267711 0.026872 0.0275758 0.027995 0.0290839 
0.0281332 0.0261509 0.0251557 0.025235 0.0242776 0.0249128 0.0285449 0.0272851 0.0259172 0.0250917 0.0248178 0.0255994 0.0262835 0.0272881 0.0289209 0.0283111 0.0276573 0.0270852 0.0267587 0.0268451 0.0275383 0.0279848 0.0290318 
0.0274237 0.0263632 0.0250581 0.025216 0.0244389 0.0249531 0.0285133 0.0271964 0.0259125 0.0250915 0.0247459 0.025524 0.0262379 0.0273019 0.0289577 0.0283239 0.0276169 0.0271104 0.0268272 0.0268374 0.0275511 0.0279891 0.0290372 
0.0276238 0.0264766 0.0255209 0.0252299 0.0241782 0.0250461 0.0284777 0.0271977 0.0258672 0.0251019 0.0248328 0.0254815 0.0262051 0.0272367 0.0289039 0.0282794 0.0276209 0.0270655 0.0267426 0.0268733 0.0275173 0.0279601 0.0290278 
0.0276461 0.026222 0.0256699 0.0251677 0.024417 0.0249408 0.0285013 0.0272099 0.0258875 0.0250831 0.0248345 0.025476 0.026229 0.0272791 0.0289015 0.0282518 0.0276003 0.0270623 0.0267245 0.0268027 0.0275541 0.0279443 0.0289796 
0.027771 0.0265214 0.0253351 0.0251739 0.0242112 0.0250052 0.0285209 0.0271819 0.0259035 0.0250753 0.0247392 0.0255313 0.0261795 0.0272566 0.0289179 0.0282625 0.027635 0.0271134 0.0267514 0.0268534 0.0275131 0.0279701 0.0290315 
0.0272121 0.0261559 0.0256338 0.0255291 0.0241908 0.0249065 0.0284547 0.0271912 0.0259233 0.0250867 0.0247535 0.0254475 0.026187 0.0272748 0.0288937 0.0282626 0.0275455 0.0270398 0.026719 0.0268273 0.027523 0.0279625 0.0289441 
0.0278596 0.0259437 0.0260258 0.025591 0.0242404 0.0248963 0.0284301 0.0272109 0.0258445 0.0249717 0.0247164 0.0254426 0.0262177 0.0272431 0.028857 0.0282297 0.0275688 0.0270317 0.0267112 0.0267419 0.027469 0.027893 0.0289539 
0.0275068 0.0260981 0.0258262 0.0249178 0.0243427 0.0249213 0.0284297 0.0271527 0.0258446 0.0250811 0.0247138 0.0254463 0.0260629 0.027225 0.0289069 0.0282357 0.0276039 0.0270329 0.0267271 0.026824 0.0274821 0.027917 0.0289836 
0.0277246 0.0271224 0.0258983 0.0256494 0.0242386 0.0250117 0.0284506 0.0271115 0.0258133 0.0250654 0.0247275 0.025506 0.0261475 0.0271497 0.0288829 0.028204 0.0275903 0.0270152 0.0267032 0.0268222 0.0274678 0.0279338 0.0289716 
0.0271944 0.025652 0.0256813 0.0245725 0.0241931 0.0248586 0.0283829 0.0271319 0.0258066 0.0249688 0.0246165 0.025529 0.0260813 0.0272066 0.0288589 0.02822 0.02758 0.0270207 0.0266806 0.0268087 0.0274481 0.0278483 0.0289232 
0.0273372 0.0265591 0.0256206 0.0243538 0.0242564 0.024819 0.0285132 0.0272044 0.0259663 0.0251003 0.0248245 0.0254723 0.0261158 0.0272743 0.0288577 0.0282239 0.0275566 0.0270663 0.0267085 0.0268085 0.0275011 0.0279167 0.0289843 
0.0271931 0.0263965 0.0258979 0.025339 0.0245643 0.0248141 0.0284787 0.0271933 0.0259795 0.0250955 0.0247422 0.025424 0.0261434 0.0271912 0.0288344 0.0282331 0.0275202 0.0270385 0.0266485 0.0267541 0.0274437 0.0278786 0.0290095 
0.0275521 0.0258961 0.0256565 0.025385 0.0240907 0.0248661 0.0284757 0.0271649 0.0259108 0.0250594 0.0248521 0.025427 0.0261406 0.0271475 0.028796 0.028177 0.0274984 0.0270157 0.0266228 0.0267078 0.0273908 0.0278053 0.028912 
0.0273005 0.0257886 0.0258842 0.0252287 0.0240766 0.0248242 0.0285202 0.0272096 0.0259488 0.0251255 0.0247683 0.0254813 0.0261066 0.0272356 0.0288277 0.0281745 0.0274973 0.0269732 0.0266764 0.0267844 0.0274552 0.0278766 0.0289035 
0.0272992 0.0266644 0.0257251 0.0251242 0.0239842 0.0248683 0.0284773 0.0272199 0.025903 0.0250789 0.0247233 0.0254482 0.0260987 0.0271591 0.0288151 0.0281807 0.0274585 0.0269862 0.026691 0.0268203 0.0274269 0.027819 0.0289458 
0.0272017 0.0262111 0.0253198 0.0251404 0.0239785 0.0248504 0.0285061 0.0271396 0.0257854 0.0251028 0.0247057 0.0253942 0.0261203 0.0271536 0.0287894 0.0281572 0.0274743 0.0269562 0.026605 0.0267106 0.0273826 0.0278325 0.0288824 
0.0272949 0.026412 0.0259668 0.0250582 0.0236171 0.0249225 0.0285188 0.0271735 0.0259192 0.0250725 0.0248183 0.0254968 0.0260979 0.0271614 0.0288162 0.0281475 0.0274524 0.0269978 0.026591 0.0267383 0.0273729 0.0278557 0.0288761 
0.0269995 0.0264089 0.025699 0.0248981 0.0238531 0.0249252 0.0284983 0.0271342 0.0258602 0.0249905 0.0247358 0.0254155 0.0260781 0.0270999 0.0287808 0.0281407 0.0274258 0.0269694 0.026664 0.0267026 0.027402 0.027814 0.028867 
0.0271562 0.0261428 0.0254304 0.0249556 0.0234838 0.0249072 0.0283888 0.0270968 0.0258395 0.0249729 0.0246925 0.025395 0.0260906 0.0271384 0.0287768 0.0280792 0.0274859 0.0269275 0.0266039 0.0267391 0.0274259 0.0278174 0.0288751 
0.027375 0.026775 0.025604 0.0251056 0.0236035 0.0250011 0.0284915 0.0272014 0.0258449 0.0250599 0.0247761 0.0254442 0.0260505 0.0271594 0.0287829 0.0281313 0.0274268 0.026926 0.0266213 0.0266963 0.027332 0.0277972 0.0288846 
0.0275603 0.026357 0.0259406 0.0252401 0.0239555 0.0253136 0.028631 0.0273044 0.0260214 0.0251705 0.0249156 0.0253815 0.0260657 0.0270728 0.0287702 0.0280967 0.0274263 0.0268989 0.0266318 0.0266965 0.0273718 0.0277719 0.0288488 
0.0274926 0.0262462 0.0256068 0.0253902 0.0239385 0.0251623 0.0285883 0.027293 0.0259481 0.0251479 0.0249109 0.0253526 0.0260422 0.0270664 0.0287357 0.0280574 0.0274473 0.0268896 0.0265572 0.0266878 0.0273845 0.0278215 0.0288466 
0.0271837 0.0269387 0.0259288 0.0253328 0.0243452 0.025177 0.0286414 0.0272503 0.0259313 0.0251521 0.0248369 0.0253489 0.0260704 0.0271935 0.0287544 0.0280795 0.0274116 0.0269379 0.0266202 0.0267107 0.0273438 0.0277942 0.0288572 
0.0273802 0.0265484 0.0256817 0.0257111 0.024277 0.0251999 0.0285855 0.0272332 0.025953 0.0251044 0.0248664 0.025342 0.0260564 0.0270514 0.0287608 0.0280581 0.0274062 0.0268712 0.0266011 0.0266918 0.0273403 0.0277793 0.0287961 
0.0267954 0.026365 0.0256574 0.0255583 0.0245683 0.0251054 0.0285156 0.0272481 0.0258975 0.0251213 0.0248372 0.0253147 0.0259906 0.0270692 0.0287066 0.0280355 0.0274118 0.02689 0.0265475 0.0266023 0.0273185 0.0277406 0.0288658 
0.0269577 0.0271573 0.0260365 0.0253586 0.0247744 0.0250645 0.0285119 0.027268 0.0259631 0.02514 0.0248996 0.0253615 0.0259488 0.0270518 0.0287071 0.0280586 0.0273859 0.0268581 0.0265547 0.0266372 0.0273491 0.0277871 0.0287911 
0.0272006 0.0267614 0.0259348 0.0259468 0.024343 0.0252022 0.028539 0.0272249 0.025925 0.0250699 0.0248604 0.0252701 0.0260584 0.0271139 0.0287068 0.028037 0.0273171 0.0268476 0.0265503 0.0266604 0.0273 0.0277222 0.028796 
0.0268513 0.0267683 0.0260546 0.0257774 0.0246068 0.0251208 0.0284767 0.0272173 0.0259136 0.0251253 0.0248437 0.0253128 0.0259737 0.0270286 0.0286603 0.0280309 0.0273519 0.0268449 0.0265446 0.0265717 0.0272972 0.0277125 0.0287401 
0.0275044 0.0266935 0.0258798 0.0256075 0.0246434 0.0251185 0.0285974 0.0272123 0.0259792 0.0251106 0.0248265 0.0253093 0.026039 0.027012 0.0287078 0.0280368 0.0274287 0.0268693 0.0265285 0.026608 0.0272974 0.027774 0.0287837 
0.0276853 0.0267191 0.0257684 0.0256387 0.0242118 0.0251247 0.0285101 0.0271654 0.0258625 0.0250684 0.0247571 0.0252664 0.0259114 0.0271037 0.0286982 0.0280258 0.0273595 0.0268721 0.0265212 0.026606 0.0272905 0.0277287 0.0287739 
0.0272178 0.0267067 0.0259511 0.025021 0.0245321 0.0252251 0.0284819 0.0272329 0.0258681 0.0250793 0.0248325 0.0252391 0.025937 0.0270546 0.0286331 0.027978 0.0273259 0.0268226 0.0264975 0.0265709 0.0273146 0.0276449 0.0287076 
0.0273101 0.0270224 0.0259595 0.0255181 0.0245129 0.0252437 0.0285265 0.0272336 0.0258585 0.02507 0.0248433 0.0252174 0.0259915 0.0270565 0.0286623 0.0280142 0.027351 0.0268288 0.0265305 0.026589 0.0273202 0.0277193 0.0287402 
0.0274864 0.0268842 0.0260499 0.0256779 0.0246269 0.0251348 0.0284504 0.0271164 0.0257904 0.0250583 0.0247812 0.0252571 0.0259829 0.0269237 0.0286387 0.0279798 0.027315 0.026843 0.0265526 0.026556 0.0272703 0.0277103 0.0287819 
0.0274205 0.0263676 0.0256507 0.0253517 0.024495 0.0251126 0.0284456 0.0271159 0.025847 0.0250247 0.0247258 0.0252329 0.0259193 0.0270176 0.0286397 0.0279317 0.0272698 0.0267575 0.0264323 0.0266158 0.027254 0.0276464 0.0287441 
0.0275372 0.0267838 0.0256974 0.0254062 0.0244446 0.0250695 0.0284852 0.0271657 0.0258596 0.0250296 0.0247392 0.0252563 0.0260033 0.027009 0.0286719 0.027938 0.0273198 0.0267856 0.0264992 0.0265497 0.0272633 0.0277135 0.0287125 
0.0275361 0.0265207 0.0258985 0.0256455 0.0242225 0.0251043 0.0284343 0.0271021 0.0257084 0.0250265 0.0247404 0.0252454 0.0260028 0.0269205 0.0286335 0.0279606 0.0272869 0.0267817 0.026443 0.026511 0.0272424 0.0276306 0.028749 
0.0275668 0.0262562 0.0257822 0.0256851 0.0244563 0.0251371 0.0284165 0.0270774 0.025724 0.0250072 0.0246976 0.0252306 0.0259175 0.0270059 0.0285847 0.0279592 0.027308 0.0268085 0.0264759 0.0265484 0.0272186 0.0276848 0.0287622 
0.027093 0.0264383 0.0258603 0.025652 0.0245501 0.0251564 0.0283565 0.0270589 0.0257324 0.0249758 0.024696 0.0252466 0.0259261 0.0269602 0.0286135 0.0279514 0.0272987 0.0267879 0.0264607 0.0265694 0.0272338 0.0276456 0.0286846 
0.0274913 0.026175 0.0259857 0.0257136 0.0245299 0.0250821 0.0283858 0.0270851 0.0257177 0.0249905 0.0246591 0.0252104 0.0259714 0.0269419 0.0285793 0.0279357 0.0272729 0.0267548 0.0264677 0.026598 0.0272219 0.0276617 0.028711 
0.027434 0.0261432 0.025023 0.0256133 0.0243323 0.0251086 0.0283959 0.0270606 0.0257607 0.02498 0.0246558 0.0252352 0.0259729 0.0269784 0.0285883 0.0279323 0.0272566 0.0267566 0.0264127 0.0265802 0.0272211 0.0276318 0.0286675 
0.0274856 0.0264479 0.0256412 0.0256897 0.0246658 0.0250837 0.0283681 0.0270426 0.0257406 0.0250241 0.0246615 0.0252411 0.0259497 0.0269639 0.0286008 0.0279717 0.0272753 0.026764 0.0264141 0.0265778 0.0272719 0.0277122 0.0286811 
0.0273053 0.0264434 0.0251999 0.0255201 0.0246702 0.0250265 0.028402 0.0270438 0.0258041 0.0249704 0.0247 0.0252411 0.0259128 0.0269117 0.0285778 0.0278967 0.0272587 0.0267661 0.0264497 0.0265676 0.0271793 0.0276365 0.0287227 
0.027303 0.0260999 0.0259186 0.0251772 0.0246369 0.0250867 0.0284039 0.0270636 0.0257843 0.0249717 0.0246576 0.0252368 0.025863 0.026999 0.0285392 0.0279083 0.027193 0.0267111 0.0263849 0.0265031 0.027173 0.0276205 0.0286482 
0.0270725 0.0266448 0.0257873 0.0257375 0.0245769 0.0251058 0.0283906 0.027064 0.0257218 0.0249403 0.0246627 0.0252388 0.0259364 0.0269953 0.028579 0.0279215 0.0272331 0.0267451 0.0264284 0.0265103 0.027212 0.0276917 0.0286449 
0.0275779 0.0264838 0.0252537 0.0249859 0.0243959 0.0250304 0.0283988 0.0269969 0.0256825 0.0249877 0.0246517 0.0252615 0.025864 0.0269222 0.0285609 0.0279436 0.027261 0.0267355 0.0264432 0.0265653 0.0272287 0.0276456 0.0286584 
0.0272967 0.0261389 0.0258224 0.0252618 0.0242341 0.0249664 0.0283366 0.0270444 0.0257806 0.0249308 0.0246172 0.025159 0.0259071 0.0269381 0.0285946 0.0279171 0.027265 0.0267384 0.0264003 0.0265836 0.0271523 0.0275854 0.0286471 
0.0272256 0.026653 0.0255365 0.0257354 0.024554 0.024957 0.0283272 0.0269865 0.0257433 0.0249258 0.0246816 0.0252644 0.0258648 0.0270583 0.0285716 0.0278684 0.0272131 0.0267404 0.0264025 0.0265254 0.0272323 0.0276123 0.0286839 
0.0275527 0.0263846 0.0254853 0.0251962 0.0242495 0.0250011 0.0283373 0.0270212 0.025696 0.0248214 0.0246738 0.0252268 0.0258291 0.0269448 0.0285504 0.0279005 0.0271939 0.0266652 0.026386 0.0265336 0.0272182 0.0276288 0.0286052 
0.0270384 0.0265049 0.02577 0.0254445 0.0243053 0.0250036 0.0283378 0.0270086 0.0256863 0.0249222 0.0245796 0.0251852 0.0258786 0.0269406 0.0285154 0.0278781 0.0271436 0.0267086 0.0263668 0.0265116 0.0271998 0.0275973 0.0286274 
0.0272166 0.0268119 0.0258337 0.0247005 0.024131 0.0249513 0.0282964 0.0269968 0.0256991 0.0248803 0.0246077 0.0251832 0.0258396 0.0269841 0.0285358 0.0278792 0.0272367 0.0266933 0.0263511 0.0265392 0.0271933 0.0276073 0.0286674 
0.0268044 0.026312 0.0260059 0.0249272 0.0243187 0.0250855 0.0283369 0.0270018 0.025725 0.0248905 0.024709 0.0251884 0.0259026 0.0268844 0.0285149 0.0278641 0.0271821 0.0266847 0.0263577 0.0265048 0.0271399 0.0276261 0.0286406 
0.0269623 0.0266058 0.0259445 0.0247088 0.0241046 0.0249453 0.0283206 0.0269279 0.0256695 0.0248978 0.024661 0.0251705 0.0257892 0.0269301 0.0285497 0.0278725 0.0271697 0.0266362 0.0263694 0.0264985 0.0271099 0.0275744 0.0285929 
0.0268561 0.0265576 0.0255816 0.0249699 0.0242821 0.0249737 0.0283238 0.0269672 0.0256402 0.0248654 0.0246214 0.0251488 0.0258877 0.0269084 0.0284953 0.0278353 0.0271734 0.0266763 0.0263901 0.026491 0.0271419 0.0275799 0.0285834 
0.0270481 0.0265058 0.0256046 0.0253403 0.0245804 0.0249708 0.0282726 0.0269532 0.0256546 0.0248526 0.0246151 0.0251844 0.0258932 0.0268635 0.0285044 0.0278269 0.0271766 0.0267072 0.0263952 0.0265469 0.0271138 0.027595 0.0285827 
0.0271535 0.0261924 0.0257646 0.0247912 0.0245367 0.024996 0.0282568 0.0269111 0.0256597 0.0248523 0.0245361 0.0251166 0.0258589 0.0268868 0.0284963 0.02785 0.027152 0.0266484 0.0263185 0.0264139 0.0271166 0.027549 0.0285905 
0.0267129 0.0263647 0.0256197 0.0254744 0.0244673 0.024994 0.0283413 0.0269041 0.0256595 0.0248996 0.0245756 0.0251357 0.0258308 0.0268935 0.0285009 0.0279191 0.0271648 0.0266637 0.0263848 0.0265201 0.0271081 0.0275839 0.0285762 
0.026831 0.0265229 0.0257143 0.0253092 0.0243961 0.0249058 0.0282417 0.0269255 0.0256061 0.0248486 0.0246128 0.0251587 0.0258305 0.0268168 0.0285009 0.0277903 0.0271485 0.0266485 0.0263544 0.0264711 0.027096 0.0276027 0.0285498 
0.0267848 0.0263577 0.025713 0.0252261 0.0245482 0.024965 0.0282681 0.0268755 0.0255545 0.0248737 0.0245299 0.0251119 0.0258353 0.0268414 0.0284788 0.027792 0.0271162 0.0266316 0.0263442 0.0263793 0.0271078 0.0275429 0.0285657 
0.0272338 0.026232 0.0258536 0.0252934 0.0247293 0.0248771 0.0282627 0.0269179 0.0256288 0.0247771 0.0245638 0.0251323 0.0257968 0.0268712 0.0285012 0.0278184 0.0271488 0.0266991 0.0263464 0.0264611 0.0271527 0.0275482 0.028585 
0.0272727 0.0265452 0.0258876 0.0254174 0.0244396 0.0249508 0.0282104 0.0269193 0.025591 0.0247775 0.0245221 0.0251235 0.0258351 0.0268326 0.0284768 0.0278317 0.0271375 0.0266153 0.0263026 0.0264458 0.0271168 0.0274984 0.0285985 
0.0269601 0.0256875 0.0258672 0.0253331 0.0243325 0.0249553 0.028255 0.0269193 0.0256204 0.0248262 0.0245408 0.02512 0.0258387 0.02688 0.0285114 0.027796 0.0270967 0.026619 0.026292 0.0264374 0.0270524 0.0275483 0.0284964 
0.0273527 0.0265079 0.0259595 0.0257016 0.0245076 0.0248754 0.0282602 0.0268917 0.0255694 0.0248115 0.0245842 0.0250919 0.0258342 0.0269373 0.0284917 0.0277801 0.0270809 0.0266336 0.0263006 0.0265432 0.0271139 0.0275194 0.028567 
0.0271033 0.0264618 0.0257925 0.0255788 0.0244555 0.0248208 0.0282271 0.0268496 0.0255862 0.0247849 0.0245367 0.0251048 0.0257755 0.0268922 0.0284806 0.0277662 0.0271002 0.0266162 0.0263342 0.026432 0.0271041 0.0274978 0.028503 
0.0272761 0.0258971 0.0258862 0.0255843 0.0245458 0.0248423 0.0282528 0.0268647 0.0255655 0.0247533 0.0245624 0.0251169 0.0258035 0.0268778 0.0284478 0.027759 0.0271195 0.0266081 0.0262849 0.0264515 0.0270895 0.0274996 0.0285282 
0.0272687 0.0258073 0.0256548 0.0252593 0.0245671 0.0248489 0.0282027 0.0268439 0.0255524 0.024815 0.0244997 0.0250343 0.0258375 0.0268548 0.0284367 0.0277947 0.0271315 0.0266596 0.026309 0.0264217 0.027101 0.0275315 0.0285139 
0.0272647 0.0264064 0.0258446 0.0255027 0.0243378 0.0247809 0.0282195 0.026874 0.0255601 0.024781 0.0244908 0.0250914 0.0258151 0.0267201 0.0284618 0.0277543 0.0271156 0.0266151 0.026334 0.0264429 0.0270971 0.0275412 0.0285386 
0.027138 0.0259227 0.0257508 0.025658 0.0246936 0.0247505 0.0281858 0.0268516 0.0255653 0.0247161 0.0245102 0.0250806 0.0258062 0.0269085 0.0284565 0.0277491 0.0271203 0.0265828 0.0263068 0.0264176 0.0270797 0.0275113 0.0285253 
0.0275533 0.0262343 0.0260298 0.0256971 0.024366 0.0247576 0.0282072 0.0268337 0.0255843 0.024793 0.0245157 0.0250992 0.0257873 0.0268739 0.0284863 0.0278017 0.0270799 0.026587 0.026283 0.0265008 0.0270479 0.0275244 0.028513 
0.0276438 0.026148 0.0260196 0.025663 0.0245868 0.0249123 0.0282375 0.026818 0.0255493 0.024707 0.024485 0.0250374 0.0257786 0.026828 0.0284136 0.027766 0.0270961 0.0265781 0.0262974 0.0264052 0.0270565 0.0274819 0.0285755 
0.0278277 0.0258204 0.0259669 0.0256758 0.0240391 0.0247958 0.0281809 0.0268522 0.0255548 0.0248096 0.0245351 0.0250588 0.0257408 0.0268267 0.0284191 0.0277466 0.0271063 0.0265844 0.0262189 0.0263552 0.0270245 0.0274562 0.0284604 
0.0274164 0.0265953 0.0260574 0.0255742 0.0244242 0.0247664 0.0282012 0.0268786 0.0255373 0.0247783 0.0245577 0.0250257 0.0258165 0.0267418 0.0284224 0.0277177 0.0270413 0.0265372 0.0263084 0.0263902 0.0270394 0.027492 0.0284681 
0.0274771 0.0265486 0.0255339 0.0256815 0.0244253 0.0248308 0.0282246 0.026833 0.0254733 0.0247233 0.0245448 0.0250777 0.0257683 0.0268563 0.0284428 0.0277378 0.027053 0.0265769 0.0262777 0.0263851 0.0270361 0.0274989 0.0284929 
0.0274815 0.0254829 0.0255524 0.0257858 0.0235928 0.0249191 0.0282374 0.0268288 0.0255168 0.0247191 0.0244759 0.0250667 0.025704 0.0268139 0.0283847 0.0276907 0.0270757 0.0265519 0.0263088 0.0263093 0.0270881 0.0274511 0.0285037 
0.027245 0.026439 0.0256204 0.0261149 0.0241527 0.0249152 0.0282065 0.026835 0.0255686 0.0247668 0.0244631 0.0251113 0.0257355 0.0268224 0.0283976 0.0277335 0.0270688 0.0265441 0.0262402 0.0263468 0.0270566 0.0274916 0.02847 
0.0274735 0.0265575 0.0257902 0.0256491 0.02422 0.0248865 0.0282232 0.0267893 0.0254793 0.0246699 0.0244383 0.0250397 0.0257217 0.0267648 0.028378 0.0277768 0.0270514 0.0265841 0.0262917 0.0263627 0.027047 0.0275318 0.0284968 
0.0274103 0.0261199 0.0251457 0.0256167 0.0242299 0.0248591 0.0281873 0.0268133 0.0254831 0.0246853 0.0244654 0.0251064 0.0257533 0.02683 0.0283973 0.0276848 0.0270314 0.0265447 0.0262629 0.0263129 0.0270254 0.0274943 0.0284955 
0.0274056 0.026316 0.0253716 0.0255954 0.0242534 0.0248493 0.0281839 0.0268631 0.025526 0.0247622 0.0244488 0.0250646 0.0257913 0.0268244 0.0283808 0.0277241 0.0270299 0.0265745 0.0262792 0.0264134 0.0270562 0.0274959 0.0284673 
0.0274099 0.0263189 0.02532 0.025806 0.0246001 0.0248708 0.0281845 0.0268576 0.0255245 0.0248055 0.0245671 0.0250288 0.0257435 0.0268222 0.028398 0.0277008 0.0270355 0.0265509 0.0262363 0.0263738 0.0270057 0.0274969 0.0285005 
0.0274658 0.0262657 0.0256731 0.0257614 0.0247624 0.024756 0.0281436 0.0267818 0.0254997 0.0247356 0.0244331 0.0250079 0.025693 0.0268225 0.0283449 0.027673 0.0270034 0.0265538 0.0262296 0.0263077 0.0270176 0.0274661 0.0284477 
0.0271445 0.0262587 0.0258166 0.025627 0.0243462 0.0249175 0.0281578 0.0268144 0.0255162 0.0247448 0.0243838 0.0250102 0.0257432 0.0268998 0.0283845 0.0277065 0.0270089 0.026537 0.0262265 0.0262863 0.0270067 0.0274659 0.0284531 
0.0270045 0.0263009 0.025835 0.0255027 0.0246889 0.0247795 0.028205 0.0267631 0.0254881 0.0247587 0.0244642 0.0250472 0.0257499 0.0267399 0.0283465 0.0276937 0.0269857 0.0265187 0.0262262 0.0263482 0.0270395 0.0274821 0.0284579 
0.0272044 0.0264069 0.02574 0.0255637 0.0246418 0.0247607 0.0281871 0.0268279 0.0254702 0.0247376 0.0244729 0.0249934 0.0256834 0.0267607 0.0283531 0.0277045 0.0269908 0.0265425 0.0262453 0.0263578 0.0269753 0.0274388 0.0284322 
0.0270311 0.0263283 0.0257572 0.0257011 0.0246145 0.0247848 0.0281523 0.0267496 0.025483 0.0247496 0.0244366 0.0249988 0.0257579 0.0268411 0.0283577 0.0277177 0.0270314 0.0264975 0.0261989 0.026302 0.0270246 0.0274806 0.028516 
0.0271991 0.0265465 0.0256266 0.0253384 0.0248779 0.0247198 0.0281726 0.0267959 0.025443 0.0247328 0.0244075 0.0250478 0.0256454 0.0268169 0.0283603 0.0276636 0.0270158 0.0265102 0.0262374 0.0263662 0.0269635 0.0274455 0.028426 
0.0270086 0.0264101 0.0256626 0.0255126 0.0247625 0.0246812 0.0280867 0.0267587 0.0254461 0.0247068 0.0243618 0.0250367 0.0256756 0.0267415 0.0283336 0.0276768 0.0270035 0.0265138 0.0262068 0.0262894 0.026962 0.0273997 0.0284002 
0.026707 0.0265707 0.0256433 0.0255021 0.024628 0.0248656 0.0281584 0.0267658 0.0254796 0.024691 0.0243673 0.0250079 0.0257102 0.0267001 0.0283326 0.0276493 0.0269785 0.0265534 0.0262356 0.0263306 0.0269662 0.0274095 0.0284295 
0.0270261 0.0261866 0.025527 0.0253028 0.0246594 0.0247512 0.028157 0.0267869 0.0254622 0.0246725 0.0244437 0.0250318 0.0256706 0.0268054 0.0283396 0.0276811 0.0270108 0.0264652 0.0261621 0.0263538 0.0269788 0.0274027 0.0284085 
0.026844 0.0263002 0.0254087 0.0253155 0.024698 0.0248901 0.0281345 0.0267556 0.0253914 0.0246418 0.0244686 0.0250206 0.0257415 0.026703 0.0283273 0.0276329 0.026962 0.0264707 0.0261648 0.0263014 0.0269375 0.0273929 0.0284755 
0.0268077 0.0267876 0.0257875 0.0254146 0.0245591 0.024902 0.028129 0.0267246 0.0254281 0.024679 0.0244089 0.0249348 0.0256654 0.0267539 0.0283263 0.027664 0.0269493 0.0264859 0.0262153 0.0263773 0.0269646 0.0274197 0.0284272 
0.0270642 0.0266054 0.0256879 0.0254895 0.0243763 0.0250047 0.0281006 0.0267156 0.0254185 0.0246326 0.0244097 0.0249772 0.0257244 0.0267695 0.0283556 0.0276313 0.0269668 0.0264665 0.026152 0.0262862 0.0269961 0.0273963 0.0284472 
0.0271076 0.0262207 0.0256953 0.0250617 0.0245086 0.0248723 0.0281423 0.0267215 0.0253823 0.0246793 0.0243599 0.0249808 0.0256594 0.026666 0.0283296 0.0276278 0.026929 0.0264733 0.0261656 0.0262738 0.0269329 0.0273884 0.0283863 
0.0269087 0.0264975 0.0257739 0.025244 0.0245792 0.0248519 0.0280755 0.0267695 0.0253715 0.024657 0.0243758 0.0250535 0.025672 0.0267058 0.0283106 0.0276477 0.0269794 0.0264634 0.0261675 0.0262903 0.0269613 0.0273585 0.0284303 
0.026844 0.0264277 0.025528 0.0252065 0.0244597 0.0248523 0.0280743 0.0266978 0.0253823 0.0246879 0.0244229 0.0249364 0.0256801 0.0267072 0.0283078 0.027637 0.0269589 0.0264708 0.0262067 0.0262907 0.0269886 0.0273879 0.0284056 
0.0269795 0.0264453 0.0256147 0.0251908 0.0242321 0.0249152 0.0280574 0.0267105 0.0254298 0.0246936 0.02443 0.0250043 0.0255695 0.0267334 0.0282982 0.0276258 0.0269559 0.026455 0.0261417 0.0262948 0.0269199 0.027361 0.0283762 
0.0266301 0.0263648 0.0260245 0.02519 0.0242424 0.0248736 0.0281011 0.0267198 0.0254192 0.0246429 0.0243615 0.0249632 0.0256633 0.0267451 0.0283063 0.0276698 0.026933 0.0264677 0.0261122 0.0262909 0.0269388 0.0273525 0.0284596 
0.0272419 0.0264318 0.0258274 0.0251275 0.024168 0.0249086 0.0280802 0.0267428 0.0254155 0.0246758 0.0243698 0.0249434 0.025672 0.0266561 0.0282917 0.0276139 0.0269596 0.026466 0.0261952 0.0262738 0.02695 0.0273889 0.0283622 
0.0270488 0.0262915 0.0260058 0.0254123 0.0242209 0.0249022 0.0280922 0.0267201 0.0253675 0.0247212 0.0243901 0.0249945 0.0255938 0.0266824 0.0282719 0.0276038 0.0269064 0.0264375 0.0261279 0.0262432 0.0269115 0.0273896 0.0284268 
0.0270543 0.0265316 0.0257427 0.0249089 0.0241655 0.0248505 0.028068 0.0267185 0.0254205 0.0246219 0.024414 0.0249368 0.0256656 0.0267313 0.0282833 0.0276281 0.026915 0.0264602 0.0261535 0.0262903 0.0269657 0.0274034 0.0283228 
0.0271501 0.0265181 0.0257968 0.025543 0.0242839 0.0249546 0.0280788 0.0266691 0.0254296 0.0246383 0.0243825 0.0249684 0.0256895 0.0267666 0.0282979 0.0275935 0.0269364 0.0264633 0.0261649 0.0262316 0.0269514 0.0273951 0.028446 
0.0270347 0.0266114 0.0258231 0.0250841 0.024267 0.0248538 0.0281137 0.0266336 0.0254306 0.0247443 0.0243502 0.024962 0.0256188 0.0267121 0.028288 0.027603 0.0269083 0.0264245 0.0261253 0.0262835 0.0269081 0.0274022 0.0283755 
0.0270372 0.0263403 0.0260913 0.0252747 0.0243466 0.0248367 0.0281064 0.0266783 0.025361 0.0245681 0.0243591 0.0249946 0.0256894 0.0267415 0.0283188 0.0276005 0.0269132 0.0264402 0.0261071 0.0262831 0.0269494 0.0274099 0.0283418 
0.0270424 0.0266119 0.0256975 0.02545 0.0244645 0.0248829 0.0280563 0.02668 0.025362 0.0246923 0.024365 0.0249497 0.0256683 0.0267017 0.0283036 0.0276028 0.0268785 0.0264277 0.0261329 0.026262 0.0269211 0.0273557 0.0283867 
0.0270369 0.0262555 0.0256691 0.0253615 0.0243287 0.0248173 0.0280494 0.0266333 0.0252937 0.0246119 0.0244189 0.0249003 0.0255765 0.0266445 0.0282386 0.027568 0.026936 0.026405 0.0261858 0.0262369 0.0268767 0.027358 0.0284023 
0.026935 0.0263234 0.0259343 0.0255054 0.0245218 0.0248193 0.0280381 0.0266589 0.0253727 0.0245563 0.0243104 0.0249527 0.0255902 0.0266664 0.0282808 0.0275832 0.0269239 0.0264592 0.0261183 0.0262682 0.0269111 0.0273788 0.0283489 
0.0270416 0.0263364 0.0256976 0.0253152 0.0245101 0.0248488 0.0280409 0.0266574 0.0253291 0.0245893 0.0243772 0.0249931 0.0255941 0.0267334 0.0282877 0.0276264 0.0269324 0.0264574 0.0261715 0.026305 0.0269915 0.0273627 0.0283906 
0.0268948 0.0261796 0.0257056 0.0257305 0.0247288 0.0247869 0.0280832 0.0266218 0.025318 0.024562 0.0243601 0.0249314 0.0256106 0.0266892 0.0282823 0.027599 0.0269061 0.0264144 0.0261301 0.0262952 0.0269371 0.027328 0.0283713 
0.0272294 0.0264068 0.0258994 0.025442 0.0245474 0.0248039 0.0280446 0.026661 0.0253656 0.0246406 0.0243798 0.0250044 0.0256538 0.0266936 0.0282852 0.0276056 0.026938 0.0264309 0.0261475 0.026264 0.0269662 0.0273977 0.0283749 
0.0269381 0.0263783 0.0258716 0.025684 0.0245848 0.0248195 0.0280758 0.026646 0.0253419 0.0246889 0.0243993 0.0249809 0.0256331 0.0266979 0.0282719 0.0276056 0.026883 0.0263978 0.0261249 0.0262143 0.0268918 0.0273429 0.0283193 
0.0272677 0.0264646 0.0256753 0.0257985 0.0246561 0.0248188 0.0280642 0.0266661 0.0253326 0.0245783 0.0243296 0.0249423 0.0255601 0.0267139 0.0282452 0.0275318 0.0268932 0.0264524 0.0261089 0.0263129 0.0269028 0.0273521 0.0283719 
0.0273843 0.0263251 0.0255873 0.025735 0.0245142 0.0247655 0.0280664 0.0266098 0.0253715 0.0245835 0.0243612 0.0249222 0.0256189 0.0267113 0.028282 0.0275323 0.0268789 0.0264102 0.0261435 0.0262593 0.026909 0.0273475 0.0283197 
0.0271215 0.026503 0.0257233 0.0257483 0.024539 0.0248192 0.0279946 0.0266163 0.0253181 0.0246187 0.0243948 0.0248718 0.0256511 0.0266798 0.0282311 0.0275504 0.0269005 0.0264252 0.0261164 0.0262224 0.026893 0.0273774 0.0283728 
0.027101 0.026173 0.0257472 0.025612 0.0243165 0.024859 0.0279747 0.0265973 0.025355 0.0245465 0.0243156 0.024956 0.0256532 0.0266694 0.0282489 0.0275647 0.0268732 0.0264212 0.026121 0.0262282 0.0269142 0.0273192 0.0282925 
0.0271201 0.0264001 0.0255788 0.0256906 0.0246938 0.0247916 0.028022 0.0266715 0.0253036 0.0246271 0.0242942 0.0249413 0.025543 0.0266894 0.0282486 0.0275981 0.0269452 0.0264327 0.0261539 0.026231 0.0269238 0.0273627 0.0283864 
0.0273504 0.0264886 0.0257666 0.0257541 0.0242066 0.024875 0.0280409 0.0266456 0.0253213 0.024609 0.0243222 0.0249476 0.0255949 0.0266688 0.0282472 0.027518 0.0268541 0.0263916 0.0261326 0.0262215 0.0268603 0.027349 0.0283558 
0.027227 0.026143 0.0258717 0.0258812 0.0245893 0.0248711 0.0280523 0.0266766 0.0252824 0.0245869 0.0243305 0.0249131 0.0256234 0.0266307 0.0282316 0.0275378 0.0268475 0.0263887 0.0261256 0.0262281 0.0268539 0.0272961 0.0282974 
0.0274075 0.0269644 0.0254497 0.0257207 0.0243578 0.0247995 0.0280516 0.0266315 0.0253187 0.0245758 0.0243646 0.024887 0.0255693 0.0266737 0.0282235 0.0275293 0.0268444 0.0264104 0.0260914 0.0262514 0.0268521 0.0273014 0.0283231 
0.027331 0.0260667 0.0257814 0.0256634 0.0245629 0.0248618 0.0280547 0.0266351 0.0253806 0.0245998 0.0242861 0.0249155 0.0255391 0.0266408 0.0282483 0.0275378 0.0268644 0.0263598 0.0261015 0.0262272 0.0268711 0.027316 0.0283343 
0.0268495 0.0263594 0.0256231 0.0255237 0.0244209 0.0247732 0.0280453 0.0266186 0.0252809 0.0245753 0.0242963 0.0249433 0.0255524 0.0266584 0.0282099 0.0275157 0.02687 0.0264011 0.0261105 0.0262463 0.0268322 0.0273409 0.0283068 
0.0276857 0.0262352 0.0254796 0.0258513 0.0244084 0.024725 0.0280318 0.0266702 0.025347 0.0245643 0.0242958 0.0248621 0.0255734 0.0266552 0.0282216 0.0275095 0.0268893 0.0263972 0.0260935 0.0262386 0.0268495 0.0272781 0.0283489 
0.0269739 0.0261923 0.0253687 0.0256901 0.0245742 0.0248006 0.027998 0.0266125 0.0252925 0.0245739 0.024322 0.024862 0.0255468 0.0266734 0.0282152 0.0275018 0.0268441 0.0263777 0.026084 0.0262599 0.026864 0.0272827 0.0283327 
0.02737 0.0264118 0.0255218 0.0252779 0.0245798 0.0248819 0.0280346 0.0265684 0.0253915 0.0246577 0.0242735 0.0248613 0.0255644 0.0266147 0.0281922 0.0275365 0.0268526 0.0264005 0.0260601 0.026182 0.0268969 0.0273173 0.0283313 
0.026752 0.026228 0.0253309 0.0259683 0.0244872 0.0248366 0.0280289 0.0266119 0.0253417 0.0245559 0.0243142 0.0248597 0.0256261 0.0267104 0.0282312 0.0275124 0.0268244 0.026422 0.0261169 0.0261994 0.0268716 0.0273246 0.0282873 
0.0274014 0.0260791 0.0256889 0.0256638 0.0245443 0.0248385 0.0280256 0.0266166 0.0252979 0.0246135 0.0242883 0.024879 0.0255915 0.0266703 0.0282034 0.0275021 0.0268493 0.0263887 0.0260581 0.0262453 0.0269192 0.0273222 0.0283483 
0.0273549 0.0261751 0.0254937 0.0258103 0.0246342 0.0248057 0.028003 0.0265795 0.0252871 0.0245335 0.024298 0.0249191 0.0256094 0.0265826 0.0281863 0.027516 0.0268269 0.0263425 0.0260698 0.0262021 0.0267928 0.0272515 0.0282536 
0.0270862 0.02643 0.025391 0.0256862 0.0244903 0.024783 0.0280014 0.0265901 0.0252798 0.024555 0.0243055 0.024864 0.0255548 0.026577 0.0281926 0.0274924 0.0268442 0.026361 0.0260545 0.0262098 0.0268304 0.027317 0.0282994 
0.0272238 0.0263385 0.0253086 0.0257086 0.0244266 0.0247615 0.0279643 0.0265884 0.0252242 0.0245437 0.0242758 0.0249082 0.0255935 0.0266481 0.0282072 0.0275776 0.0268062 0.0263586 0.0260481 0.0262385 0.0268246 0.0273039 0.028297 
0.0265611 0.0261608 0.025547 0.0256647 0.0243542 0.0248094 0.027971 0.0265841 0.0252518 0.0246369 0.0243169 0.02487 0.0255515 0.0266724 0.0282091 0.0274971 0.0268336 0.0263376 0.0260869 0.0261713 0.0268779 0.0273079 0.0282569 
0.0273467 0.0262779 0.0255139 0.0254795 0.0244949 0.0249017 0.0280575 0.0266024 0.0252372 0.0245314 0.024218 0.0248269 0.0255808 0.0266764 0.0281913 0.0274891 0.0268263 0.026352 0.026035 0.0261435 0.0268252 0.0272975 0.0283183 
0.0266695 0.0265835 0.0257527 0.0259428 0.0244596 0.0248267 0.0280147 0.0266188 0.0252426 0.0245594 0.0243149 0.0248864 0.0256074 0.026667 0.0281951 0.0275234 0.0268362 0.0263314 0.0260427 0.0262659 0.0268272 0.0273235 0.0282968 
0.0271781 0.0260468 0.0253201 0.0253677 0.0240565 0.0245323 0.0277125 0.0263461 0.0250454 0.0243392 0.0240214 0.0244438 0.0251427 0.0262308 0.0277356 0.0270274 0.026384 0.0259103 0.0256693 0.0258062 0.0264075 0.0268732 0.0277822 
0.0263175 0.0263842 0.0252281 0.0253762 0.0241385 0.0244923 0.0278295 0.0263737 0.0250407 0.0243435 0.0240746 0.0244874 0.0252365 0.0262063 0.0277691 0.0271501 0.0264205 0.0259524 0.0256894 0.0258495 0.0264371 0.0269036 0.0279078 
0.0267198 0.0264078 0.0254876 0.0253898 0.0243519 0.0245565 0.027729 0.0263895 0.0250972 0.0243238 0.0240446 0.0244335 0.025179 0.0262109 0.0277816 0.0271354 0.0264327 0.0259818 0.0256847 0.0257639 0.0264188 0.0268692 0.0279026 
0.0263844 0.0257673 0.025585 0.0252964 0.0243452 0.0245726 0.0276933 0.0263916 0.0250427 0.0242899 0.0240477 0.0245176 0.0251159 0.0261475 0.0277782 0.027067 0.0264018 0.0259732 0.0256833 0.0258153 0.0263991 0.0268599 0.027868 
0.0268235 0.0264154 0.0256423 0.0251685 0.0241895 0.0245276 0.0277354 0.0263546 0.0250456 0.0243216 0.0240332 0.0244249 0.0251496 0.0262274 0.0277684 0.0270743 0.0263967 0.0259444 0.0256497 0.0257959 0.0264141 0.0268571 0.0278907 
0.0265139 0.0263539 0.0254471 0.0255939 0.0243163 0.0247054 0.0278376 0.0264558 0.0251353 0.0244844 0.0241775 0.0246261 0.0252556 0.026379 0.0278587 0.0271629 0.0265033 0.0260665 0.0257539 0.0259299 0.0265213 0.0269441 0.0279479 
0.0265263 0.0260039 0.0253791 0.0251316 0.0244926 0.0247091 0.0278161 0.02645 0.0251308 0.0243946 0.0241135 0.0245581 0.0252777 0.0263178 0.0278626 0.0271785 0.0265306 0.0260484 0.0257177 0.0258748 0.0264927 0.0269432 0.0279123 
0.0266742 0.0261604 0.0255266 0.0254636 0.0246203 0.0246839 0.0278478 0.026424 0.0251079 0.0244539 0.0241439 0.024534 0.0252525 0.0262908 0.0278731 0.0271651 0.0264839 0.0260441 0.025712 0.0258737 0.0265069 0.0269771 0.0279249 
0.026994 0.0259742 0.0256504 0.0254332 0.0244891 0.0246626 0.0277763 0.0264451 0.0251084 0.0243435 0.0241551 0.02456 0.0252386 0.0262981 0.0278222 0.0271395 0.0264865 0.0259982 0.0257528 0.0258952 0.0265068 0.0269716 0.0279388 
0.0266239 0.0259999 0.0256543 0.024895 0.0243928 0.0245783 0.0278396 0.0264074 0.0251011 0.0244224 0.0240634 0.0245437 0.0252208 0.0263557 0.0278518 0.0271386 0.0264897 0.0260063 0.0257592 0.0258495 0.026497 0.0269506 0.0279433 
0.0269941 0.0264005 0.0257746 0.0250592 0.0244182 0.0247168 0.0279497 0.0265299 0.02522 0.0245133 0.0242583 0.024716 0.0253726 0.0264358 0.0280042 0.0272462 0.0266175 0.0261433 0.0258718 0.0259998 0.0266422 0.0271043 0.0281059 
0.0266895 0.0260785 0.0256455 0.0252185 0.0247207 0.0247004 0.0279116 0.026542 0.0252386 0.0244798 0.0242907 0.0246921 0.025303 0.0264881 0.0279643 0.0272719 0.0266265 0.0261368 0.0258772 0.0260297 0.0266455 0.0270289 0.0280894 
0.0268639 0.0262945 0.0257991 0.0252239 0.0246067 0.0246665 0.0279706 0.0265506 0.0252309 0.0244521 0.0243562 0.0246748 0.0253797 0.0264148 0.0279657 0.0272469 0.0265954 0.0261214 0.025833 0.0259392 0.0265784 0.0270483 0.0280905 
0.0270242 0.0262445 0.0256668 0.0252754 0.0248509 0.0246321 0.0278979 0.0265492 0.0251861 0.0244238 0.0242121 0.0247114 0.0253389 0.0264661 0.0279764 0.0272615 0.0266032 0.0261102 0.0258354 0.0259022 0.0266072 0.0270359 0.0280085 
0.0268181 0.0267745 0.0258704 0.0248256 0.0246293 0.0246639 0.0279218 0.026483 0.0252157 0.024406 0.0242491 0.0246474 0.0253758 0.0263108 0.0279578 0.0272641 0.0265609 0.0261151 0.0258764 0.0259731 0.0266277 0.0270325 0.0280702 
0.0269752 0.0261667 0.0256309 0.0252699 0.0246449 0.0246425 0.0279105 0.0264778 0.0251666 0.0245257 0.0242337 0.0246131 0.0253298 0.0264097 0.0279173 0.0272609 0.0265826 0.0261189 0.0258713 0.0259388 0.0265882 0.0270726 0.0280088 
0.0266271 0.0266216 0.0256952 0.0251839 0.0246946 0.0247122 0.0281125 0.0266659 0.0253494 0.024632 0.0244352 0.0248608 0.0254978 0.026593 0.0281419 0.0274785 0.0267856 0.0263015 0.0260041 0.0261297 0.026781 0.0272031 0.028211 
0.0271226 0.0263514 0.0260713 0.0255847 0.024934 0.0248318 0.0281011 0.0266837 0.0253802 0.0246236 0.0243802 0.0248611 0.0255308 0.0266089 0.0281604 0.0274343 0.0267528 0.0263074 0.0260007 0.0261395 0.0267886 0.0271928 0.0282381 
0.0274501 0.0263591 0.0259709 0.0252389 0.0249278 0.0248292 0.0281091 0.0267178 0.0253485 0.024646 0.0244227 0.024874 0.0255699 0.0265415 0.0281081 0.0274473 0.0267561 0.0262827 0.0260181 0.0261341 0.0267845 0.0271832 0.028234 
0.0270083 0.0266605 0.0260542 0.0252289 0.0250336 0.0247737 0.0280585 0.0266889 0.0253515 0.0246089 0.0244025 0.0247953 0.0255123 0.0266023 0.028131 0.0274469 0.0267651 0.02627 0.0260211 0.0261243 0.0267279 0.0272449 0.0282131 
0.0272159 0.0263424 0.026135 0.0251421 0.0248564 0.0249126 0.0281124 0.0267101 0.0253218 0.0245925 0.0243834 0.0248445 0.0254466 0.0265798 0.0281141 0.0274506 0.0267606 0.0262857 0.0260074 0.0260968 0.0267815 0.027209 0.0282011 
0.0273897 0.0265042 0.0258894 0.0252211 0.0250814 0.0248221 0.0280976 0.0266923 0.02538 0.0246278 0.0243789 0.0248454 0.0255463 0.026616 0.0280942 0.0273782 0.0267475 0.0262267 0.0260152 0.0260793 0.0268076 0.0272124 0.028256 
0.0272182 0.0263789 0.0257683 0.0253005 0.0251129 0.0249225 0.0280867 0.02665 0.0253612 0.0246792 0.024431 0.0247969 0.0255341 0.0265589 0.0281184 0.0274253 0.0267732 0.0262456 0.0259875 0.026135 0.0267589 0.0271924 0.0282669 
0.0273388 0.0266555 0.0263266 0.0250792 0.0248906 0.024879 0.0280216 0.0266069 0.0253442 0.0245681 0.0243951 0.024781 0.0255189 0.0265577 0.0281327 0.0274073 0.0267183 0.0262849 0.0260368 0.0260943 0.0267463 0.0271873 0.0282222 
0.0275496 0.0264854 0.0259862 0.0253148 0.0250096 0.0248043 0.028085 0.0266445 0.0253438 0.0246207 0.0244262 0.0247929 0.0255224 0.0265322 0.0281262 0.0274105 0.0267049 0.026267 0.0259857 0.0261042 0.0267281 0.0271756 0.0282206 
0.0273853 0.0264598 0.0260754 0.0249715 0.0250933 0.0248668 0.0280106 0.0266477 0.025344 0.0246489 0.0243299 0.0248343 0.0254126 0.0265732 0.028117 0.0274236 0.026733 0.0262869 0.0259886 0.0261292 0.0267911 0.0271764 0.0282223 
0.0272221 0.0266249 0.0261979 0.0253598 0.0251333 0.02484 0.0281021 0.0266177 0.0253428 0.0245778 0.0243752 0.0247631 0.0255527 0.0265447 0.0281146 0.0274159 0.0267329 0.0262587 0.0260096 0.0261031 0.0267873 0.0271737 0.0282138 
0.0275904 0.0265396 0.0258559 0.0254231 0.02512 0.0248747 0.0280404 0.026673 0.0252977 0.0246155 0.0243665 0.0247767 0.0254606 0.0265464 0.0280854 0.0273752 0.0267512 0.0262434 0.0259881 0.026088 0.0267682 0.0272065 0.0282014 
0.0273337 0.0267923 0.0261004 0.0254177 0.0251489 0.0248899 0.0280481 0.0266459 0.0253657 0.0245981 0.0244056 0.0248212 0.025493 0.0265607 0.0280861 0.027365 0.0267393 0.0262763 0.025994 0.0261321 0.0267823 0.0271636 0.0281527 
0.0277266 0.0264523 0.0260741 0.025709 0.0251742 0.0248118 0.0281225 0.0266132 0.0253274 0.0245571 0.024383 0.024759 0.0255552 0.0264664 0.0281189 0.0274004 0.0267329 0.0262598 0.0259796 0.026061 0.0267731 0.0271866 0.0281766 
0.0273989 0.0261897 0.0259594 0.0255541 0.0250264 0.024842 0.0280159 0.026596 0.025327 0.0245872 0.0243103 0.0248734 0.0254154 0.0265252 0.0281154 0.027368 0.0267055 0.0262377 0.0259501 0.0260907 0.026753 0.0272232 0.0281849 
0.027159 0.0264358 0.0257392 0.0255358 0.0249663 0.024758 0.0281011 0.0266138 0.0253517 0.0246327 0.024374 0.024805 0.0254601 0.0265944 0.0281091 0.0273973 0.0267483 0.0262538 0.025931 0.0260758 0.0267926 0.0271324 0.0282009 
0.0274978 0.0262693 0.0258085 0.025591 0.0250906 0.0247924 0.0280469 0.0266438 0.0253503 0.0245879 0.024329 0.0247669 0.0254971 0.0266013 0.0280793 0.0273579 0.0267414 0.0262879 0.0259724 0.0261411 0.0267496 0.027162 0.0282191 
0.0272333 0.0259912 0.025694 0.0255329 0.0250471 0.0247679 0.0280237 0.0265935 0.025294 0.0245851 0.0243415 0.024783 0.0255183 0.0265218 0.0280675 0.0273606 0.0267036 0.0262312 0.0259487 0.0261023 0.0267783 0.0271851 0.0281439 
0.0270666 0.0262858 0.0259331 0.0254889 0.0249662 0.0247319 0.0280239 0.0266462 0.0253088 0.0245607 0.0243854 0.024807 0.0255019 0.0264901 0.0280794 0.0273639 0.026714 0.0262426 0.0259322 0.0260868 0.0267678 0.0271723 0.0282303 
0.0275175 0.0262315 0.0258668 0.0256489 0.0251244 0.0247645 0.0280147 0.0265458 0.0253181 0.0245584 0.0243158 0.0247589 0.0254601 0.026559 0.0280717 0.0273411 0.0267623 0.0262253 0.0259601 0.026099 0.0267864 0.0271885 0.0281446 
0.0274094 0.0265306 0.0258885 0.0253743 0.0249766 0.0246782 0.0280107 0.0265522 0.0253002 0.0245719 0.0243467 0.0246999 0.0254824 0.0264596 0.0280676 0.0273618 0.0267357 0.0262074 0.0260047 0.0260677 0.0267778 0.027167 0.0281703 
0.027192 0.0261082 0.0261692 0.02572 0.0251225 0.0247799 0.0280639 0.0265686 0.0253138 0.0245782 0.0243484 0.0248038 0.0254306 0.0265481 0.0280803 0.0273766 0.0267354 0.026241 0.0259554 0.0260729 0.0267555 0.0271676 0.0281504 
0.0275561 0.0257565 0.0256545 0.0258864 0.0250083 0.024778 0.0280439 0.0265561 0.0253219 0.0246128 0.0242929 0.0247385 0.0254755 0.0265287 0.0280744 0.0273201 0.0267122 0.0262303 0.0259883 0.0261349 0.0267519 0.0271629 0.0281884 
0.0276733 0.025991 0.0259428 0.0253483 0.0244818 0.0247093 0.0280646 0.0265837 0.0253448 0.0245442 0.0242985 0.0247801 0.0254742 0.0264582 0.0280609 0.0273388 0.0266894 0.0262072 0.0259429 0.0261041 0.026751 0.0271878 0.0281436 
0.0275342 0.0264168 0.0259087 0.0255662 0.0241917 0.0247608 0.0280889 0.0265831 0.025337 0.0245501 0.0243277 0.0247874 0.0254957 0.0265313 0.0280717 0.0273473 0.0266786 0.0262043 0.0259109 0.0260656 0.0267735 0.0271478 0.0281517 
0.0274959 0.0263545 0.0259447 0.0256543 0.0247154 0.0246704 0.0280604 0.0265484 0.0252936 0.024591 0.0242909 0.0247605 0.0254963 0.0264962 0.0280505 0.0273671 0.0267344 0.026208 0.0259554 0.0260518 0.026729 0.0271512 0.0281371 
0.0274301 0.0264891 0.0259573 0.025707 0.0247886 0.0246602 0.0280208 0.026588 0.0253047 0.0245542 0.0243113 0.0247645 0.0254034 0.0264704 0.0280417 0.0273366 0.0266788 0.026207 0.0259532 0.0260691 0.0267347 0.0271307 0.0281507 
0.0277977 0.0263174 0.0258032 0.0256671 0.023003 0.0246969 0.027987 0.0265286 0.0253421 0.0246015 0.0243235 0.024784 0.0254545 0.0264804 0.0280716 0.0273446 0.0267095 0.0262151 0.0259356 0.0260862 0.0267941 0.0271482 0.0281479 
0.0274164 0.0263653 0.0260996 0.0258266 0.0242252 0.0248058 0.0280118 0.0265591 0.0252967 0.0244962 0.0242936 0.0248013 0.025389 0.0264917 0.0280592 0.0273632 0.0267059 0.0262105 0.0259198 0.0261204 0.0267349 0.0271428 0.0281719 
0.0273527 0.026361 0.0258688 0.0258351 0.0245761 0.0246999 0.0280202 0.0265727 0.0252341 0.0245081 0.024308 0.0247442 0.0254681 0.0264273 0.0280399 0.0273262 0.026721 0.0261892 0.0259452 0.0260678 0.0267343 0.0271281 0.0281811 
0.0273749 0.026344 0.0260798 0.0259898 0.0244162 0.0247851 0.0280244 0.0265676 0.0253075 0.0245755 0.0243014 0.0248296 0.025463 0.0265549 0.0280674 0.0273565 0.026718 0.0262322 0.0259399 0.0260652 0.0267492 0.0271404 0.0281251 
0.0276081 0.0266488 0.025938 0.0259545 0.0241084 0.02485 0.0280433 0.0265842 0.0252612 0.0245151 0.0243199 0.024752 0.0254916 0.0264898 0.028035 0.0273494 0.0267184 0.0262145 0.0259284 0.0260417 0.0267193 0.0271526 0.0281399 
0.0272692 0.0264726 0.0259306 0.0255273 0.0239304 0.0247665 0.0279952 0.026546 0.0252947 0.0245733 0.0242946 0.0247602 0.0254781 0.0264896 0.0280558 0.0273172 0.0266801 0.026181 0.0259154 0.0260205 0.026694 0.0271386 0.0281265 
0.0274718 0.0263285 0.0258631 0.0258137 0.0243074 0.0248021 0.0280444 0.0265214 0.0252957 0.0245619 0.02434 0.0248072 0.0254398 0.0264136 0.0280306 0.0273422 0.0266822 0.0261596 0.0259118 0.0260768 0.0267194 0.0271203 0.028119 
0.0274161 0.0264332 0.025899 0.0259279 0.0246605 0.0248788 0.0280342 0.026551 0.0252963 0.0245432 0.0243381 0.0247521 0.0254443 0.0265207 0.0280534 0.0273416 0.0267015 0.0262051 0.0259309 0.0261019 0.0267472 0.0271395 0.0281169 
0.0273156 0.0265573 0.0258643 0.0256833 0.02469 0.02492 0.0280307 0.0265359 0.0253049 0.0245012 0.0243138 0.0247588 0.0254915 0.0264577 0.0280285 0.027313 0.0266814 0.0261939 0.025869 0.0260172 0.026716 0.0271352 0.0281585 
0.0275459 0.0263304 0.0258648 0.0258411 0.0246608 0.0248076 0.0280734 0.0265414 0.0252976 0.0245228 0.024298 0.0247437 0.0254649 0.026503 0.0280565 0.0273266 0.0266787 0.0262133 0.0259501 0.0260371 0.0267244 0.0270988 0.0281569 
0.0274242 0.0261325 0.0259214 0.0259541 0.0245258 0.0248131 0.0280169 0.0265907 0.0252759 0.0245374 0.0243399 0.0246744 0.0255041 0.0264603 0.0280235 0.0273254 0.026664 0.0261711 0.0258973 0.0260395 0.026734 0.0271237 0.0281088 
0.0274073 0.0264327 0.0254618 0.0259833 0.0244419 0.0247934 0.0280303 0.0264968 0.0252647 0.0245723 0.0242127 0.0247133 0.025449 0.026488 0.0280115 0.0272816 0.0266632 0.026193 0.0258954 0.026036 0.0267225 0.0271015 0.0281461 
0.027245 0.0263951 0.0257858 0.0259221 0.0248993 0.0248806 0.0279742 0.0265763 0.0252767 0.0244806 0.0243249 0.0247508 0.0254382 0.0264409 0.0280307 0.0273 0.0266834 0.0261656 0.0258966 0.0260193 0.0267082 0.0271032 0.0281177 
0.0273931 0.0267099 0.0256022 0.0258775 0.0247238 0.0247729 0.0279784 0.0265316 0.0253423 0.0244883 0.0242549 0.0247499 0.0253954 0.026451 0.0280252 0.0272905 0.0266494 0.0261935 0.025891 0.0260301 0.0266774 0.027115 0.0280896 
0.0275904 0.0262843 0.0257301 0.0257594 0.0246768 0.0249149 0.0279842 0.0265212 0.0252131 0.024525 0.024308 0.0247132 0.0254399 0.0264548 0.0280416 0.0273072 0.0266747 0.0261753 0.0258936 0.0260429 0.02669 0.0271074 0.0280694 
0.0270946 0.0264162 0.0257889 0.025682 0.0246815 0.0248621 0.0280017 0.0265373 0.0252526 0.0245389 0.0242616 0.0247085 0.0254806 0.0264376 0.0280571 0.0273124 0.0266522 0.0262101 0.0259061 0.0260439 0.0266783 0.0271009 0.0281477 
0.0273084 0.0264898 0.025564 0.0260668 0.0247717 0.0247761 0.0280026 0.0265138 0.0252848 0.0245419 0.0242707 0.024734 0.0254962 0.0264674 0.0280385 0.0273131 0.0266897 0.0262071 0.0258759 0.0260883 0.0267157 0.0270834 0.0281347 
0.0272195 0.0265546 0.0256105 0.0259753 0.0245823 0.0248511 0.0279666 0.026527 0.0252585 0.024515 0.0243205 0.0246589 0.0254458 0.0265081 0.0280025 0.0272886 0.026693 0.0261689 0.0258897 0.0260375 0.0266759 0.0271238 0.0281102 
0.0274131 0.0262387 0.0258331 0.0259517 0.0248718 0.0247386 0.0279487 0.026562 0.0252666 0.0245074 0.024331 0.0247299 0.0254839 0.0264624 0.0280383 0.0272967 0.02667 0.0261686 0.0258953 0.0260743 0.0266761 0.0271509 0.0281401 
0.02719 0.026331 0.0259088 0.0261218 0.0245921 0.0247491 0.0279675 0.0265385 0.0252641 0.0244866 0.024259 0.0246822 0.0254115 0.0264513 0.0280137 0.027289 0.026677 0.0261795 0.025882 0.026052 0.0266947 0.0271136 0.0281163 
0.0273502 0.0266287 0.0255581 0.0258662 0.0248314 0.0248385 0.0279873 0.0264868 0.0252387 0.0245595 0.0242921 0.0247146 0.0254301 0.0264571 0.028022 0.0272997 0.0266873 0.0261799 0.0258847 0.0259884 0.0266552 0.027126 0.0281363 
0.0272736 0.0265426 0.0257072 0.0259988 0.024732 0.02485 0.0279993 0.0265689 0.0252553 0.0244802 0.0242441 0.0247108 0.0254629 0.0264194 0.0280392 0.0273417 0.0266659 0.0261661 0.0258851 0.0260305 0.0267031 0.0271364 0.0281307 
0.0273977 0.0264265 0.0252874 0.0260835 0.0248962 0.0247993 0.0279762 0.0265432 0.0252811 0.0244637 0.0242782 0.024741 0.0254927 0.026436 0.0280258 0.0273141 0.026637 0.0261725 0.0259071 0.0260513 0.0266836 0.0270824 0.0280846 
0.0274706 0.0262536 0.0258047 0.0261119 0.0249992 0.0248395 0.0279472 0.0264813 0.0251951 0.0245144 0.024295 0.0246725 0.0254295 0.0263792 0.0280097 0.0272795 0.026686 0.0261795 0.0258776 0.0260656 0.0266621 0.0271038 0.0281369 
0.0274629 0.026426 0.0254496 0.0262278 0.0248438 0.0246807 0.0279908 0.0265362 0.0252495 0.0244844 0.024255 0.024712 0.0253962 0.0264303 0.0280213 0.027282 0.0266668 0.0262037 0.0258777 0.0259975 0.0266916 0.0271496 0.0281075 
0.0275775 0.026452 0.0256692 0.025798 0.0247934 0.0247973 0.0279898 0.0265221 0.0252395 0.0244963 0.0242401 0.0247761 0.0254411 0.026431 0.0280046 0.0273383 0.0266274 0.0261674 0.0258832 0.0260032 0.0267504 0.0271143 0.0281028 
0.0270682 0.0265231 0.0258522 0.0257865 0.0248843 0.0247787 0.0280068 0.0265177 0.02525 0.0244566 0.0242775 0.0247238 0.0254286 0.0264542 0.02801 0.027279 0.0266278 0.0261467 0.0258441 0.0260267 0.0266382 0.0270839 0.0280688 
0.0276192 0.0262376 0.0257798 0.0262233 0.02477 0.0247259 0.0279506 0.0264919 0.0252503 0.0244613 0.0242284 0.0246586 0.0253911 0.0264692 0.0279979 0.0272983 0.0266084 0.026185 0.0258928 0.0260246 0.0266694 0.0270856 0.0281004 
0.0276328 0.0263415 0.0257824 0.0258022 0.0248128 0.024883 0.0280135 0.0265364 0.0252372 0.0245144 0.0242108 0.0246909 0.0253974 0.0264958 0.0280418 0.0272821 0.0266312 0.0261411 0.0258802 0.0260037 0.0267099 0.0270798 0.0281022 
0.0275834 0.0261404 0.0258294 0.026046 0.0247834 0.0246272 0.028014 0.0264847 0.0252287 0.0245174 0.024232 0.0247156 0.0253647 0.0264672 0.0280376 0.0272697 0.026644 0.0261454 0.0258818 0.0260306 0.0266212 0.0271071 0.0280638 
0.027355 0.0262706 0.0260724 0.0258498 0.0247968 0.0248406 0.0280126 0.0265205 0.02527 0.0245265 0.0242607 0.0247016 0.0254089 0.0264673 0.027996 0.0272709 0.026613 0.0261576 0.0258502 0.0259801 0.0266624 0.0271072 0.0281292 
0.0271269 0.0263764 0.025674 0.0259722 0.0247777 0.0249107 0.0279061 0.0264593 0.0252403 0.0244782 0.024243 0.0246546 0.0254037 0.026422 0.0280059 0.0273231 0.0266405 0.0261689 0.0258596 0.0260015 0.0266954 0.0270495 0.0280673 
0.0271083 0.0262291 0.0257007 0.0257585 0.0249674 0.0247284 0.0279359 0.02651 0.0252488 0.0245468 0.0242161 0.0246882 0.0254013 0.0264095 0.0279984 0.0272466 0.0266452 0.0261281 0.0258477 0.0259774 0.0266711 0.0270781 0.02808 
0.0269888 0.026517 0.0257388 0.0257666 0.0250133 0.0248311 0.0279804 0.0265179 0.0252648 0.0245508 0.0242643 0.0246908 0.0253993 0.0264299 0.0279921 0.027267 0.026648 0.0261649 0.0258633 0.0260142 0.0266821 0.0270761 0.0280739 
0.0274752 0.0265961 0.0259403 0.0260892 0.0246249 0.0248831 0.0280052 0.026477 0.0252011 0.0245553 0.0242853 0.0246967 0.0254186 0.026465 0.0280012 0.0273038 0.0265986 0.0261448 0.0258476 0.0260098 0.0266836 0.027103 0.0280864 
0.0269854 0.0265 0.0259142 0.0257802 0.0246442 0.0248729 0.0279667 0.0264875 0.0252255 0.0244739 0.0242531 0.0246543 0.0253968 0.0263888 0.0280062 0.0272413 0.0265983 0.0261534 0.0258651 0.0259619 0.0266761 0.0270801 0.0280673 
0.0270745 0.0267048 0.0259849 0.0260156 0.0247361 0.0248006 0.0279367 0.0265107 0.0252455 0.0244811 0.024221 0.0246489 0.0254278 0.0263873 0.027982 0.0272777 0.026608 0.0261789 0.0258382 0.0260084 0.0267114 0.0270873 0.0280619 
0.0271174 0.0264323 0.0257849 0.0259932 0.0245675 0.024919 0.0279181 0.0265104 0.0252261 0.024517 0.0242344 0.0247123 0.0254255 0.0264804 0.0279951 0.0272401 0.0265865 0.0261403 0.0258508 0.0259219 0.0266653 0.0270868 0.0281111 
0.0271084 0.0265667 0.0260893 0.0259396 0.024615 0.0248059 0.0279972 0.0264811 0.0252289 0.024472 0.0242229 0.0246569 0.0254119 0.0264049 0.0279829 0.0272615 0.0265969 0.0261255 0.0258644 0.0260109 0.0266692 0.0270701 0.0281034 
0.0268318 0.026603 0.0257432 0.0257199 0.0245667 0.0248445 0.027997 0.0265089 0.0252311 0.024428 0.0241952 0.0246829 0.0253203 0.0265087 0.0279846 0.0272993 0.0266139 0.0261857 0.0258081 0.0260642 0.0266883 0.0271028 0.0281246 
0.0269574 0.0264295 0.0259577 0.0260634 0.0245642 0.0248393 0.0279395 0.0264964 0.0252085 0.0245039 0.0242724 0.0246576 0.0253507 0.0264076 0.0279978 0.0272796 0.0266163 0.0261467 0.0258793 0.0259593 0.0266682 0.0270548 0.028105 
0.0270862 0.0263217 0.0258342 0.0258276 0.0246791 0.0248529 0.0279458 0.0265011 0.0252249 0.0244571 0.024201 0.0246644 0.0255164 0.0264004 0.02796 0.0272664 0.0266361 0.0261452 0.0258398 0.0259557 0.0266464 0.0270776 0.028023 
0.026586 0.026784 0.0259795 0.0256164 0.0243268 0.0248412 0.0279933 0.026479 0.0251947 0.0245193 0.0241766 0.0246773 0.0254312 0.0264932 0.0279614 0.0272614 0.02664 0.0261387 0.0258563 0.025986 0.0266233 0.0270689 0.0280599 
0.0268916 0.0262273 0.0259823 0.0261299 0.0247775 0.0248595 0.0279154 0.0265087 0.0251874 0.0244982 0.02427 0.0246956 0.0254222 0.0263949 0.0279722 0.0272665 0.0265927 0.0261349 0.0258477 0.0260462 0.026615 0.0270892 0.0280747 
0.0267755 0.0265206 0.0260203 0.0256389 0.0247543 0.0247445 0.0279195 0.0264756 0.0252318 0.0244715 0.0242083 0.0246827 0.0254422 0.0264038 0.0279882 0.027258 0.0265901 0.0261493 0.0258616 0.0260394 0.0266576 0.0270876 0.0280869 
0.0269119 0.0267306 0.0259982 0.0258471 0.0245811 0.0248101 0.027946 0.0264735 0.0252093 0.0245209 0.0242114 0.0246773 0.0255017 0.0264033 0.027975 0.0272656 0.0266163 0.0261394 0.0258628 0.0259665 0.0266686 0.0270616 0.0280786 
0.0266083 0.0268091 0.025991 0.0256344 0.0246818 0.0248556 0.027942 0.0264544 0.0252165 0.0244622 0.0242303 0.0246919 0.0253881 0.0263387 0.0279804 0.0272678 0.026579 0.0261316 0.0258663 0.0260674 0.0267045 0.0270772 0.0281163 
0.0270953 0.026885 0.0256951 0.0258236 0.0245199 0.024873 0.028001 0.0264815 0.0252346 0.0245219 0.0241856 0.0247051 0.0254153 0.0263396 0.0279816 0.0272265 0.0266083 0.0261049 0.025827 0.0259692 0.0266453 0.0270738 0.0281204 
0.0271418 0.0265179 0.0260551 0.0258028 0.0243273 0.0248607 0.0279861 0.0264761 0.0251893 0.0245745 0.0242008 0.0246867 0.0253977 0.0265023 0.0279692 0.0272711 0.0266131 0.0261197 0.0258245 0.0260328 0.0266188 0.0270688 0.0280477 
0.0271239 0.026509 0.0257771 0.0256618 0.0246836 0.0248851 0.0279455 0.0265075 0.0251639 0.0244713 0.0241936 0.024756 0.0253908 0.0264043 0.0279786 0.0272908 0.0266008 0.0261408 0.0258469 0.0260063 0.0266792 0.0270409 0.0280923 
0.0270422 0.0265713 0.0261052 0.0257071 0.0244572 0.0248899 0.0279584 0.0264757 0.0252664 0.0244947 0.0242446 0.0246848 0.0254075 0.0263784 0.0279753 0.027253 0.0266038 0.026139 0.0258692 0.0259805 0.0266489 0.0270414 0.0280732 
0.0269579 0.0265948 0.0260171 0.0254838 0.0245439 0.0247472 0.0279295 0.0264771 0.0251871 0.0244846 0.0242454 0.0246393 0.0254104 0.0264233 0.0279739 0.0272905 0.0266005 0.0261389 0.0258377 0.0259938 0.0266512 0.0270635 0.0280773 
0.027113 0.0268238 0.026078 0.0259273 0.0248628 0.0247865 0.0279089 0.0264665 0.0251673 0.0244906 0.0242237 0.024665 0.0254311 0.0264545 0.0279765 0.0272752 0.0266073 0.0261598 0.0258188 0.0259538 0.0266667 0.0271046 0.0280631 
0.0272249 0.0266276 0.0260225 0.0256196 0.0249367 0.0248395 0.0279362 0.0264987 0.0251591 0.0244591 0.024275 0.0246715 0.0253578 0.026459 0.0279599 0.0272518 0.0266107 0.0261203 0.0258292 0.025998 0.026637 0.0270834 0.0280519 
0.0270139 0.0265344 0.0257803 0.025889 0.0245239 0.0249098 0.0279378 0.0264904 0.0252096 0.0244826 0.0242264 0.0247023 0.0253988 0.0263952 0.0279643 0.0272503 0.0266028 0.0260838 0.0258286 0.026014 0.0266523 0.0270059 0.0280736 
0.0270545 0.0268015 0.0259848 0.0257361 0.0247457 0.0248963 0.0279315 0.0264757 0.0251805 0.0244713 0.0242503 0.0246452 0.0252888 0.0263818 0.0279924 0.0272439 0.0265943 0.0261021 0.0258161 0.0260281 0.0266525 0.0270237 0.0280596 
0.0269598 0.0263575 0.0259544 0.0258464 0.0247687 0.0248557 0.0279331 0.0264605 0.0251373 0.0244678 0.0242454 0.0246517 0.0254173 0.0263771 0.0279491 0.0272622 0.0265879 0.0260926 0.0258148 0.025983 0.0266807 0.0270819 0.0280639 
0.0272683 0.0266659 0.0259907 0.025529 0.0248721 0.0247938 0.0279675 0.0264667 0.0252019 0.0245279 0.0242833 0.0246712 0.0254145 0.0263951 0.0279754 0.0272265 0.0266244 0.026122 0.0258486 0.0260183 0.0266504 0.0270073 0.0280289 
0.0272287 0.02627 0.0258568 0.0256746 0.0246109 0.024811 0.0279457 0.0264887 0.0252138 0.0245184 0.0242418 0.0246361 0.0253561 0.0263692 0.0279723 0.0272447 0.0265953 0.026115 0.0258436 0.0260068 0.0266317 0.0270425 0.0280513 
0.0271267 0.0262786 0.0258863 0.0256168 0.024719 0.0248063 0.0278824 0.0264193 0.0251467 0.0244767 0.0242362 0.0246679 0.0253676 0.0263713 0.0279521 0.0272328 0.0266106 0.0261379 0.0258432 0.0259946 0.0266577 0.0270231 0.0280701 
0.0269312 0.0266871 0.0256515 0.0256795 0.0246662 0.0247552 0.027899 0.0264719 0.0251838 0.0244521 0.0241733 0.0246375 0.0254036 0.0264491 0.0279639 0.0272264 0.0265645 0.0261205 0.0258301 0.0259997 0.026633 0.02703 0.0280272 
0.027217 0.026905 0.0260103 0.0257444 0.0247242 0.0247641 0.0279367 0.0264762 0.02519 0.0244845 0.0242338 0.0246701 0.0253633 0.0263358 0.0279634 0.0272473 0.0265799 0.0260966 0.025838 0.0259976 0.0266569 0.0270767 0.0280613 
0.026865 0.0266559 0.0252319 0.0254658 0.0248816 0.0248005 0.0279079 0.0264427 0.0251591 0.0245066 0.0242026 0.0246817 0.0252898 0.0264368 0.0279561 0.0272231 0.0265778 0.0261234 0.025823 0.0259938 0.0266371 0.0270772 0.0280219 
0.0271699 0.0264624 0.0260719 0.0255007 0.0246282 0.0248156 0.0279584 0.0264436 0.025159 0.0244901 0.0242653 0.0246304 0.0253359 0.0263898 0.0279666 0.0272407 0.0265704 0.0261376 0.0258305 0.0259884 0.0266638 0.0270082 0.0280928 
0.0272446 0.026524 0.0258968 0.0254726 0.0248849 0.0247534 0.0279361 0.0264137 0.0251127 0.0244497 0.0242181 0.0246725 0.0253789 0.0263627 0.0279623 0.0272503 0.0265603 0.0261146 0.0258317 0.0259632 0.0266215 0.0270471 0.0280441 
0.0269583 0.026463 0.0258502 0.025357 0.0247351 0.0248191 0.0278942 0.0264522 0.025185 0.0244368 0.0242595 0.0246687 0.0253206 0.0263809 0.0279279 0.0272276 0.0265804 0.0260946 0.0258357 0.0259241 0.0265683 0.0269814 0.0280157 
0.0271405 0.0261726 0.0255833 0.025231 0.0246062 0.0247575 0.0278957 0.0264395 0.025173 0.0244784 0.0242986 0.0246363 0.0253617 0.0263904 0.0279763 0.0272329 0.0265879 0.0260894 0.0258124 0.0259867 0.026638 0.0269781 0.0280562 
0.0272516 0.0266183 0.0255308 0.0255087 0.0246354 0.0247917 0.0279337 0.026424 0.0251121 0.0244777 0.024238 0.0246568 0.02539 0.0262964 0.0279615 0.02721 0.0265592 0.0261213 0.0258206 0.0259761 0.0266068 0.0270023 0.0280569 
0.027349 0.0260619 0.0258642 0.0250231 0.0247483 0.0248349 0.0278952 0.0264464 0.0251846 0.0244573 0.0241739 0.0246071 0.025367 0.0264055 0.0279377 0.027238 0.0265873 0.026125 0.0258459 0.0259371 0.0266351 0.0270625 0.0280792 
0.0273769 0.0262009 0.0251566 0.0247168 0.0246645 0.0247641 0.0279615 0.0264663 0.0252364 0.0244152 0.0242233 0.0246535 0.0253562 0.0264195 0.027958 0.0272528 0.0265611 0.0261042 0.0258193 0.0260103 0.0266316 0.0270004 0.0280523 
0.0272332 0.0262838 0.0257873 0.0252291 0.0248038 0.024822 0.0279239 0.0264537 0.0251502 0.0245248 0.0242261 0.0246448 0.0252957 0.0263457 0.0279528 0.027219 0.0265709 0.0261204 0.0258332 0.0259723 0.0265808 0.0270586 0.0280508 
0.027192 0.0262532 0.0255527 0.0250761 0.0246688 0.024745 0.0279275 0.0264241 0.0251246 0.0244036 0.0241687 0.0246892 0.0253173 0.0263532 0.0279391 0.0271932 0.0265643 0.0261271 0.025807 0.0259702 0.0265942 0.0270128 0.0279823 
0.0276337 0.0263631 0.0253168 0.0251928 0.0248619 0.0248102 0.0279271 0.0264283 0.0251637 0.0244507 0.024219 0.0246159 0.0253829 0.026281 0.0279547 0.0272091 0.0265683 0.0260986 0.0258183 0.025925 0.0266332 0.027026 0.0280257 
0.0270205 0.0261376 0.0256584 0.0248796 0.0249187 0.0248047 0.0278772 0.0264218 0.0252248 0.0245071 0.0241952 0.0247131 0.0254179 0.0263916 0.0279524 0.0272293 0.0265703 0.0261133 0.0257966 0.0259745 0.0266049 0.0270602 0.0280704 
0.027229 0.026476 0.0257926 0.0247151 0.0248358 0.0248617 0.0279258 0.0264613 0.0251614 0.0244637 0.0242061 0.0247105 0.025315 0.0263465 0.0279332 0.027222 0.0265831 0.0261156 0.0258281 0.0260033 0.026655 0.0270108 0.0280169 
0.027075 0.0260381 0.0256545 0.0250673 0.0250287 0.024878 0.0279253 0.0264372 0.0251401 0.0244298 0.0242111 0.0245979 0.0253343 0.0264702 0.0279382 0.0272041 0.0265461 0.0261199 0.0258222 0.0259646 0.026646 0.0270337 0.028034 
0.0275464 0.0263862 0.0256826 0.0251997 0.0247749 0.0247779 0.0278723 0.0264475 0.025141 0.0245109 0.0242348 0.0246632 0.0252894 0.0263653 0.0279229 0.0272161 0.0265354 0.0261092 0.0258354 0.0259969 0.0266571 0.0270355 0.0279786 
0.0272036 0.026216 0.0257526 0.0248089 0.0249194 0.0247743 0.027853 0.0264537 0.025152 0.0244491 0.02424 0.0246442 0.0253419 0.0263807 0.0279271 0.0271717 0.0265274 0.0260952 0.0257897 0.0259598 0.0266352 0.0269856 0.0280548 
0.0274107 0.0262207 0.0259311 0.0252257 0.0249915 0.0247856 0.027919 0.0264065 0.0251303 0.0245166 0.024234 0.0246584 0.025344 0.0263609 0.0279457 0.027207 0.0265228 0.0260924 0.0257925 0.0259833 0.026618 0.0270157 0.028054 
0.0272503 0.0262798 0.0257572 0.0252857 0.0249445 0.0248344 0.0279315 0.0264 0.0251657 0.0244314 0.0241784 0.0246593 0.0253474 0.0263983 0.027941 0.0272153 0.0265339 0.0260763 0.0258362 0.0260157 0.0265827 0.0269987 0.0280442 
0.0272783 0.0263609 0.0256652 0.0253261 0.0249783 0.0248027 0.0279273 0.0264779 0.0251304 0.0244131 0.0242119 0.0246585 0.025401 0.0263848 0.0279327 0.0272094 0.026537 0.0261146 0.0258155 0.0259503 0.0266104 0.0270205 0.0280283 
0.0272228 0.0262461 0.0258697 0.0253385 0.0247567 0.024827 0.0278897 0.0264895 0.025139 0.0244803 0.0241999 0.0246536 0.0254507 0.0263562 0.0279269 0.0271835 0.0265374 0.0260933 0.0258021 0.0259441 0.0266118 0.0270321 0.0280462 
0.0273316 0.0263936 0.0258567 0.0250594 0.0248067 0.0247917 0.027886 0.0264267 0.0251713 0.0243912 0.0242704 0.0246734 0.0253668 0.0263602 0.0279265 0.0272272 0.0265793 0.0261207 0.0258485 0.0259792 0.0266229 0.0270578 0.0280599 
0.0275 0.0261384 0.0260784 0.0254745 0.0249191 0.024801 0.0278886 0.0264074 0.0251485 0.024479 0.0241377 0.0246565 0.0253847 0.0263892 0.0279445 0.0271929 0.0265643 0.0260981 0.0257954 0.0259672 0.0265846 0.0269906 0.0279893 
0.0272342 0.026184 0.0260705 0.0253752 0.0248872 0.0248014 0.0278717 0.0264029 0.0251348 0.0244411 0.0241293 0.0246798 0.0253142 0.0264235 0.0279226 0.0272232 0.0265401 0.0260892 0.0257871 0.0259725 0.0266026 0.0269762 0.0280406 
