0.00340095 0.00305136 0.003055 0.00303846 0.00304326 0.00305781 0.00306816 0.00426293 0.0042627 0.0042409 0.00429875 0.00426422 0.00438935 0.00449233 0.00410424 
0.002592 0.00204257 0.00203516 0.00186416 0.00197001 0.0018792 0.00188584 0.00246982 0.0024981 0.00249236 0.00251689 0.00250947 0.00255346 0.00267539 0.00274744 
0.00260222 0.00206968 0.00202639 0.00194959 0.00211275 0.00190455 0.00189682 0.00218876 0.00220984 0.00221458 0.00220826 0.00224213 0.00265493 0.00240077 0.00240232 
0.00276132 0.00232459 0.00206302 0.00197197 0.00199939 0.00188488 0.00197105 0.00202188 0.00203481 0.00204174 0.0020566 0.00207185 0.00209837 0.00223875 0.00226128 
0.00285614 0.00212525 0.00221504 0.00196462 0.0020359 0.00197655 0.00195488 0.00195291 0.00196348 0.00199481 0.00201503 0.00200907 0.00202308 0.00216286 0.0021746 
0.00273701 0.00206575 0.00210125 0.0020238 0.00215017 0.00199946 0.00199067 0.00189946 0.00197941 0.00195982 0.00203633 0.00197027 0.00199304 0.00211732 0.00212167 
0.00264858 0.00225744 0.0022718 0.00213749 0.00209104 0.00213312 0.00204904 0.00184193 0.00197819 0.00193827 0.00199541 0.0020167 0.00201762 0.00208358 0.00208319 
0.00285819 0.00229444 0.0022354 0.00215594 0.00215173 0.0020762 0.00201134 0.00186487 0.00196018 0.00200258 0.00203408 0.00195435 0.00205644 0.00205739 0.0020571 
0.00313964 0.0026784 0.00265496 0.00244078 0.00251705 0.00213495 0.00205268 0.00188981 0.00209693 0.0019313 0.00219341 0.00201876 0.00203467 0.00203357 0.002031 
0.00321892 0.002678 0.00259704 0.00255922 0.00251586 0.00219217 0.00201477 0.00188818 0.00207888 0.00212188 0.00211335 0.00203901 0.00192803 0.00203972 0.00200707 
0.00325754 0.00266204 0.00271188 0.00240937 0.00244096 0.00207701 0.00193735 0.00188605 0.00204127 0.00200921 0.00213276 0.00217452 0.00240515 0.00207932 0.00201715 
0.00324002 0.00268426 0.00223295 0.00254072 0.00236079 0.00207763 0.0019396 0.00187148 0.00209949 0.00216441 0.00232701 0.00233036 0.00213408 0.00205574 0.00206582 
0.003393 0.00278069 0.00264006 0.00238627 0.00228391 0.00209861 0.0019394 0.00180944 0.00208102 0.00216251 0.00227323 0.00190696 0.00223235 0.00227211 0.00208711 
0.00318425 0.00261014 0.00262001 0.00237453 0.00222589 0.00209826 0.00194108 0.00187053 0.0021032 0.00213087 0.00213708 0.00221843 0.00229414 0.00227244 0.00205238 
0.00319284 0.00247559 0.00237227 0.00244851 0.00238746 0.0020386 0.00194121 0.0018736 0.00212577 0.0020488 0.0023276 0.00216416 0.00234942 0.00222403 0.00203129 
0.0029458 0.0027032 0.00272502 0.00235104 0.00238374 0.00204137 0.00194263 0.00185588 0.0021061 0.00218383 0.00231095 0.00212427 0.00193167 0.00214003 0.00202007 
0.00318625 0.00274515 0.00272501 0.00227334 0.00223038 0.00204292 0.00198502 0.00187019 0.00210834 0.00218374 0.00231147 0.00216267 0.00227729 0.00215626 0.00200659 
0.00320857 0.0028015 0.00270113 0.00235426 0.00223196 0.00204397 0.00194419 0.00187742 0.0021091 0.00207798 0.00220101 0.00185427 0.00222561 0.00212123 0.00207437 
0.0032395 0.00274275 0.00246466 0.00225751 0.00223039 0.00204453 0.00198282 0.00188021 0.00210711 0.0020805 0.00227895 0.00222311 0.00240799 0.0021434 0.00201989 
0.00328945 0.00264611 0.00258363 0.00227841 0.00222318 0.00205553 0.00195428 0.00188955 0.00213538 0.00209946 0.00235428 0.00225543 0.00194029 0.00191312 0.00215144 
0.00322428 0.00287804 0.00244444 0.00227037 0.00224487 0.00205601 0.00195704 0.00189348 0.00205331 0.00222236 0.00212177 0.00221467 0.00244045 0.00234785 0.00200404 
0.00314991 0.00263989 0.00245978 0.00228945 0.00224632 0.00205741 0.00195645 0.0018755 0.00211805 0.002212 0.00212937 0.00235719 0.00245257 0.00220402 0.00210954 
0.00321342 0.00280087 0.00264376 0.00229454 0.0022495 0.0020576 0.00200203 0.00182654 0.00211094 0.00223914 0.00233771 0.00235673 0.00250189 0.00201476 0.00208771 
0.0032287 0.002775 0.00244556 0.0022701 0.00224503 0.00205721 0.00195787 0.0018859 0.00214499 0.00213849 0.00222204 0.00235732 0.00237908 0.00189588 0.00204202 
0.00320444 0.00286829 0.00261798 0.00228949 0.00224784 0.00205956 0.00195836 0.0018889 0.00211286 0.00225209 0.00201493 0.00234089 0.00239958 0.00199162 0.00206535 
0.00315675 0.00282116 0.00242857 0.00229452 0.00222937 0.0020596 0.00195919 0.00189309 0.00212507 0.00225956 0.00233669 0.00229655 0.00238555 0.00230812 0.00209036 
0.00319596 0.00280635 0.00258393 0.00229304 0.00223 0.00206141 0.0020041 0.00189744 0.00213853 0.00223629 0.00235319 0.00194538 0.00242478 0.00226989 0.0020841 
0.00338126 0.0026839 0.00246444 0.00229447 0.00225068 0.00206116 0.00200184 0.00190072 0.0021248 0.00217046 0.00230588 0.00232793 0.0023705 0.00228579 0.00206841 
0.00323529 0.00278059 0.00250954 0.00229394 0.00225229 0.00206242 0.00196097 0.00190459 0.00204363 0.00224204 0.00256517 0.00235782 0.00240939 0.00226095 0.00200566 
0.00301911 0.00278277 0.00268592 0.00229679 0.0022516 0.00206254 0.00196215 0.00190915 0.00212043 0.0022163 0.00235726 0.00215721 0.0023887 0.00206746 0.00200514 
0.00322045 0.00256648 0.0024665 0.0022957 0.0022526 0.00206336 0.00196297 0.00185855 0.00213021 0.00226047 0.00232423 0.0023694 0.00234621 0.00233151 0.00200564 
0.00307502 0.00264932 0.00253545 0.00229818 0.0022537 0.00206416 0.00196539 0.001889 0.00215727 0.00204551 0.00236521 0.00231855 0.00224677 0.00228458 0.0020069 
0.00315546 0.00275116 0.00247122 0.00229944 0.00225376 0.00206682 0.00196443 0.00187345 0.00212339 0.00222378 0.00235198 0.00227508 0.00238586 0.00204037 0.00200943 
0.00326097 0.00270839 0.00262573 0.00229811 0.00225497 0.00206546 0.00196509 0.00189579 0.00213025 0.00225354 0.00236806 0.00229948 0.00247931 0.00229317 0.00200805 
0.00322659 0.00281511 0.00247217 0.00229856 0.00225528 0.00206625 0.00196684 0.00189806 0.00214163 0.00224428 0.00235589 0.00237376 0.00236679 0.00214774 0.00200922 
0.00335854 0.00298921 0.00261089 0.00230098 0.00225684 0.00206784 0.00196696 0.00190144 0.00206035 0.00226732 0.00237083 0.00231711 0.00248605 0.00225774 0.00200939 
0.00332272 0.00271039 0.00241562 0.00229912 0.00225725 0.00206829 0.00196777 0.00190503 0.00212822 0.00223806 0.00234953 0.00233081 0.00245809 0.00220591 0.00201074 
0.00326219 0.00275585 0.00245575 0.00228293 0.00225871 0.00207 0.00196776 0.00190876 0.00216045 0.00223774 0.0023685 0.00220501 0.00218512 0.00229714 0.00201282 
0.00310979 0.00293162 0.00247481 0.00230346 0.00225915 0.00206993 0.00196922 0.00191226 0.00214628 0.00227352 0.00209201 0.00236664 0.00242839 0.00199489 0.00201172 
0.00319854 0.00265799 0.00263645 0.00230184 0.00226043 0.00207099 0.00196961 0.00191445 0.00216587 0.00224679 0.00236204 0.00234025 0.00244776 0.00229416 0.00201241 
0.00342069 0.0025362 0.00245589 0.00230477 0.0022612 0.00207569 0.00197151 0.00191849 0.00212746 0.00222376 0.0023722 0.00184149 0.00236779 0.0022539 0.00201333 
0.00329894 0.00262776 0.00249445 0.00230525 0.00225857 0.00207102 0.00197187 0.00191995 0.00213749 0.00224546 0.00206569 0.00236973 0.00217877 0.00219433 0.00201465 
0.00334582 0.00260575 0.00257658 0.00228447 0.00226202 0.00207336 0.00197313 0.00192476 0.00217072 0.00225933 0.00236401 0.0023809 0.00249258 0.00224963 0.00201502 
0.00340521 0.00287933 0.00240123 0.0022703 0.00226233 0.0020739 0.00197304 0.00192814 0.00215267 0.00224363 0.00237395 0.00197892 0.00257577 0.00233914 0.00201605 
0.00327502 0.00279581 0.00249776 0.00230751 0.00226234 0.00207552 0.00197357 0.00193032 0.00208979 0.00222135 0.00199131 0.00229451 0.00242846 0.00229708 0.00201634 
0.00330701 0.00284109 0.00240519 0.00230995 0.0022649 0.00207511 0.00197395 0.00193331 0.00212834 0.00225017 0.00236234 0.00232496 0.00245374 0.00229153 0.00201677 
0.00319823 0.00246309 0.00249955 0.00230631 0.00226592 0.00207652 0.00197519 0.00193648 0.0021364 0.002247 0.00237433 0.0023378 0.0023795 0.00226383 0.00201788 
0.00328322 0.00276835 0.00249891 0.0023086 0.00226635 0.00207723 0.00197608 0.00187698 0.00214344 0.0022689 0.0023846 0.00219356 0.00243881 0.00229397 0.00201885 
0.00328568 0.00273993 0.00263974 0.00231194 0.00226552 0.00207756 0.00197663 0.00186468 0.00214376 0.00225107 0.00231955 0.00237733 0.00246212 0.00234745 0.00201897 
0.00337415 0.0027244 0.00248143 0.00231155 0.00226702 0.00207927 0.00197742 0.00190232 0.00215716 0.00225949 0.00237015 0.0023499 0.00238533 0.00228355 0.00202064 
0.00337706 0.00270674 0.0025018 0.00229357 0.00226798 0.00207979 0.00197881 0.00190682 0.00216409 0.00225465 0.00238032 0.00236333 0.00251271 0.00206144 0.0020207 
0.00325016 0.00278429 0.00248321 0.00231438 0.00226889 0.00208091 0.0019792 0.00190857 0.00213498 0.0022634 0.00239091 0.00206285 0.00242097 0.00228188 0.00202139 
0.00318286 0.0026818 0.00244824 0.00231383 0.00226882 0.00208131 0.00198048 0.00191051 0.0021632 0.00226972 0.00210664 0.00235814 0.00253864 0.00227419 0.00202232 
0.00332216 0.00283356 0.00244818 0.00231502 0.00227012 0.00208193 0.00198076 0.00191276 0.00214061 0.00226683 0.00230775 0.00238431 0.00243412 0.00230547 0.00202342 
0.00328639 0.00264665 0.00248534 0.00231563 0.00227065 0.00208286 0.00198157 0.0019148 0.00214656 0.00230486 0.00237737 0.0023565 0.00247195 0.00190004 0.00202407 
0.00326317 0.00279841 0.00246991 0.00231627 0.0022728 0.00208319 0.00198259 0.00191765 0.00215316 0.00217639 0.00238921 0.00236722 0.00215038 0.00232272 0.00202479 
0.00335901 0.00281342 0.00246903 0.00231691 0.002273 0.0020852 0.00198341 0.00191955 0.00217618 0.00227123 0.00240038 0.00189318 0.00244963 0.00229475 0.00202636 
0.00317533 0.00281068 0.00250706 0.00231838 0.00227384 0.00208513 0.00198478 0.00192308 0.00216766 0.00225113 0.00225912 0.00228181 0.00247108 0.00234283 0.00202659 
0.00333122 0.0026264 0.00243294 0.00231717 0.0022736 0.00208535 0.00198577 0.00192651 0.00217151 0.00225677 0.00236948 0.00236876 0.00241156 0.00235538 0.00202727 
0.00330645 0.00261198 0.00245343 0.00231813 0.00227563 0.00208573 0.0019859 0.00192762 0.00217834 0.00229745 0.00238216 0.00236224 0.00217642 0.00199218 0.00202754 
0.0032086 0.00273033 0.00239585 0.00231977 0.00227644 0.00208732 0.00198636 0.00192935 0.00221865 0.00227117 0.00239023 0.00240823 0.002463 0.0023431 0.00202904 
0.0033234 0.00256092 0.00249101 0.00232084 0.00227784 0.00208885 0.00198689 0.00193154 0.00217507 0.00231597 0.00239539 0.00241508 0.00213963 0.0023357 0.00203021 
0.00314328 0.0026278 0.00247213 0.00232195 0.00227678 0.00208883 0.00198801 0.00193326 0.00217877 0.00215702 0.00240904 0.00199378 0.00234869 0.0022906 0.00203053 
0.00319908 0.00259178 0.00249393 0.0023217 0.00258236 0.00210104 0.0019891 0.00193659 0.00211101 0.00229644 0.00213822 0.00228644 0.00200771 0.00233767 0.00203127 
0.0033954 0.00245957 0.00247607 0.00232295 0.00227953 0.00209052 0.00203026 0.00193975 0.00215665 0.00226799 0.00237339 0.00237403 0.00198806 0.00236753 0.00203213 
0.0033178 0.0026942 0.00257392 0.00232331 0.00228042 0.002091 0.00199035 0.00194087 0.0021813 0.00229468 0.00238523 0.00236387 0.00200888 0.00220865 0.00203334 
0.00330838 0.00264388 0.00251385 0.00232181 0.0022804 0.00209637 0.00199125 0.00194399 0.00216661 0.00228318 0.00239042 0.00239028 0.00197332 0.00238955 0.00203338 
0.00327762 0.00293875 0.00251509 0.00232488 0.00228238 0.00209301 0.00199201 0.00194499 0.00217402 0.00229191 0.00240186 0.00241597 0.00197413 0.00230413 0.00203432 
0.00337883 0.00292842 0.00247841 0.00232681 0.00228277 0.00209383 0.0019929 0.00194757 0.00219831 0.00231629 0.00240679 0.0024071 0.00197485 0.00227755 0.00203514 
0.00314271 0.00242758 0.00244146 0.00232698 0.00228246 0.00209486 0.0019933 0.00195164 0.00218448 0.00230567 0.00241785 0.00194039 0.00197588 0.00228808 0.00203601 
0.00326634 0.00285067 0.00247892 0.00232917 0.00228398 0.00209533 0.00199411 0.00195336 0.00223058 0.00231442 0.0024282 0.00231033 0.00197564 0.00233403 0.00203699 
0.00335151 0.0027595 0.00249963 0.00232751 0.0022846 0.00209544 0.0019944 0.00195538 0.00219501 0.00206942 0.00218641 0.00239174 0.00197727 0.00217495 0.00203789 
0.00320211 0.00273185 0.00246132 0.00232932 0.00228658 0.00209726 0.00199674 0.00195772 0.00219967 0.00226529 0.00238616 0.00240132 0.00197753 0.0022911 0.00203876 
0.00330903 0.0026111 0.00252065 0.00232931 0.00228516 0.00209827 0.00199674 0.0019602 0.00205206 0.00229076 0.00239355 0.00235029 0.00197813 0.00231864 0.00203917 
0.00336323 0.00242761 0.00252141 0.00233239 0.0022859 0.0020978 0.00199726 0.00196344 0.00217296 0.00232026 0.00239825 0.00239913 0.00197901 0.0023476 0.00204022 
0.00326339 0.00263097 0.00252397 0.00233148 0.00228689 0.00209891 0.00199812 0.00196501 0.00215514 0.0022856 0.00241015 0.00242545 0.00197981 0.00231845 0.00204032 
0.00317351 0.00252806 0.00252345 0.00233371 0.00228829 0.00210002 0.00199964 0.00196675 0.00215791 0.00229194 0.00241213 0.00243327 0.00198115 0.00230874 0.00204145 
0.0034049 0.00245055 0.00250384 0.00233489 0.00228838 0.00210027 0.00199967 0.00196843 0.00216332 0.00231715 0.00242112 0.00241987 0.00198216 0.00233598 0.00204203 
0.00331018 0.00252795 0.00244637 0.0023327 0.00229108 0.00210068 0.00200065 0.00197152 0.00219256 0.00232622 0.00242949 0.00206499 0.00198264 0.00236202 0.00204317 
0.00338015 0.00257672 0.00252341 0.00233388 0.00229034 0.00210157 0.00200104 0.00197364 0.00219599 0.00228858 0.00243777 0.00233197 0.00198294 0.0023905 0.00204336 
0.0032778 0.00260008 0.00239236 0.00233379 0.00229156 0.00210324 0.00200198 0.00197722 0.00220307 0.00231431 0.00198212 0.00233856 0.00198405 0.00216071 0.002045 
0.00321164 0.00278078 0.00243196 0.00233475 0.00229324 0.00210327 0.00200282 0.00197969 0.00220648 0.00218277 0.00238659 0.00232762 0.00198413 0.00228419 0.00204545 
0.00330071 0.0025114 0.00243354 0.0023379 0.00229394 0.00210484 0.00200402 0.00198068 0.00218809 0.00233033 0.00238966 0.00237399 0.00198575 0.00229058 0.00204785 
0.00327771 0.00260301 0.00246993 0.00233831 0.00229448 0.002105 0.00200409 0.00198336 0.00219351 0.00221604 0.00240084 0.00241743 0.00198725 0.00228286 0.00204666 
0.00340254 0.00253283 0.00251104 0.0023379 0.00229446 0.00210637 0.00200561 0.00198833 0.00219692 0.00229612 0.00238833 0.00240695 0.00198733 0.00228958 0.00204798 
0.00344708 0.00245744 0.00251002 0.00234022 0.00229561 0.00210732 0.00200687 0.00198775 0.00220306 0.00227686 0.00241554 0.00239404 0.00198801 0.00239086 0.00204861 
0.00328564 0.00275823 0.00241747 0.00234107 0.00229639 0.00210733 0.00200584 0.0019904 0.00225465 0.00228387 0.00242207 0.00240038 0.00198921 0.00232278 0.00204935 
0.00324762 0.00248055 0.00249274 0.0023406 0.00229515 0.00210923 0.00200746 0.00199336 0.0022359 0.00228864 0.00243062 0.00244889 0.00198917 0.0024078 0.00204993 
0.00337759 0.00245991 0.00247425 0.00234265 0.00229942 0.00210996 0.00200819 0.0019951 0.00226766 0.00231912 0.002437 0.00274528 0.0020032 0.00239718 0.00205059 
0.00324515 0.00275813 0.00253126 0.00234473 0.00229943 0.00211074 0.00200957 0.0019989 0.00222111 0.0023003 0.00244481 0.00242458 0.00199096 0.00240594 0.00205155 
0.00333384 0.00251955 0.00251342 0.00234264 0.00229972 0.00211064 0.00201036 0.00200008 0.00222668 0.0023292 0.00244771 0.0018823 0.00199249 0.00223997 0.00205229 
0.0032645 0.00272563 0.00253304 0.00234251 0.00230055 0.00211002 0.00201058 0.00200263 0.0022305 0.00236216 0.00245655 0.00234331 0.0019931 0.0023831 0.00205531 
0.00335863 0.00265757 0.0025157 0.00234574 0.00230172 0.0021124 0.00201089 0.00200569 0.00228588 0.00231518 0.0019913 0.00240857 0.00199436 0.00235332 0.00205508 
0.00337647 0.00285727 0.0025347 0.00234546 0.00230201 0.00211387 0.002012 0.00200618 0.00207007 0.00232193 0.002394 0.00241598 0.00199384 0.0022828 0.00205512 
0.00335773 0.00283025 0.00249772 0.00234658 0.00230318 0.00211489 0.0020127 0.00201083 0.0022454 0.00232893 0.00239919 0.0024208 0.00199591 0.00236774 0.00205619 
0.00324689 0.00264367 0.00249997 0.00234687 0.00230274 0.00211522 0.00201489 0.00201302 0.00216919 0.00230384 0.00240631 0.00238699 0.00199522 0.00231481 0.00205678 
0.00317439 0.00254024 0.00249907 0.00234847 0.00230463 0.00211483 0.00201526 0.00201379 0.00217585 0.00234041 0.00241505 0.00239412 0.00199675 0.00228551 0.00205731 
0.00328178 0.0026095 0.00251827 0.00234751 0.00230459 0.00211726 0.0020149 0.00201753 0.00217916 0.00234408 0.00240292 0.00243992 0.00199713 0.00238877 0.00205823 
0.00332093 0.00280057 0.00250154 0.00234941 0.00230573 0.00211779 0.00201526 0.00197516 0.00218227 0.00232075 0.00242847 0.00244574 0.00199787 0.00233947 0.0020592 
0.00334807 0.00248885 0.00252117 0.00229436 0.0023071 0.00211851 0.00201739 0.00193132 0.00218748 0.00235356 0.00243334 0.00245252 0.00199937 0.00234596 0.00205955 
0.00308041 0.0026233 0.00254151 0.00235351 0.0023086 0.00211903 0.00201736 0.00193357 0.00219118 0.00236079 0.00244281 0.00242079 0.00199979 0.00233531 0.00206153 
0.00318568 0.00258837 0.00254159 0.00235339 0.00230905 0.00211981 0.00201897 0.00198041 0.00219594 0.00221692 0.00244808 0.00242805 0.00200076 0.00234273 0.00206153 
0.00341499 0.00256774 0.00244901 0.00235363 0.00230998 0.00212028 0.00201977 0.0019544 0.00219949 0.00231496 0.0024534 0.0024526 0.00200195 0.00245003 0.00206227 
0.00330781 0.00274313 0.00248897 0.0023533 0.0023084 0.00212129 0.00202082 0.00188956 0.00223184 0.00234868 0.00245918 0.00247786 0.00200262 0.00239314 0.00206238 
0.003283 0.00293862 0.00248794 0.002354 0.00231117 0.00212138 0.00205999 0.00192957 0.00220638 0.00229693 0.00246579 0.00244537 0.0020033 0.0021831 0.00206362 
0.00332852 0.0027181 0.00250714 0.00235597 0.00231098 0.00212235 0.00202247 0.00195046 0.00223973 0.00230091 0.00247071 0.00229192 0.00200329 0.00232101 0.00206424 
0.00316775 0.00247566 0.00254561 0.00235644 0.0023128 0.00212364 0.00202185 0.00195158 0.00224463 0.00230672 0.002478 0.00202798 0.00200461 0.00230617 0.00206557 
0.00335856 0.00251209 0.00254763 0.00235602 0.00231282 0.00212486 0.00202329 0.00195284 0.00221996 0.00233996 0.00248524 0.00237724 0.00200494 0.00231495 0.00206676 
0.00330732 0.00249079 0.00249116 0.00235721 0.00231328 0.00212463 0.00202517 0.00195399 0.00222243 0.00231444 0.00216583 0.00238032 0.00200515 0.00237867 0.00206762 
0.00336359 0.00249507 0.00252878 0.00231906 0.00231578 0.00212423 0.00202508 0.00195493 0.002227 0.00232127 0.00225342 0.00238709 0.00200594 0.00235512 0.00208161 
0.00333696 0.00259963 0.00256853 0.002378 0.00233321 0.00214305 0.00204173 0.00197157 0.00230776 0.00234158 0.00222601 0.00240713 0.00202777 0.00240396 0.00209006 
0.00325412 0.00250075 0.0025136 0.00237943 0.00232694 0.00213668 0.00203651 0.00197147 0.00224487 0.00233879 0.00242767 0.00244976 0.00202354 0.00233278 0.00208821 
0.00324544 0.00267916 0.00256201 0.00236742 0.00232228 0.00213312 0.00203247 0.00197155 0.0022474 0.00234361 0.00241466 0.00241498 0.00202375 0.00239725 0.00208484 
0.00334142 0.00264533 0.00252059 0.00236826 0.00232306 0.00213393 0.0020332 0.00197005 0.00228346 0.00227901 0.00243854 0.00236622 0.00202431 0.00232804 0.00208634 
0.00333123 0.00245373 0.00248427 0.00236983 0.00232404 0.00213356 0.00203322 0.00197339 0.00225525 0.00228999 0.0024434 0.00240916 0.00202573 0.00239023 0.00208578 
0.00340481 0.00267059 0.00252166 0.00236855 0.00232479 0.0021365 0.0020341 0.00197366 0.00225886 0.00226249 0.00244908 0.00247264 0.00202715 0.00235683 0.00208743 
0.00335448 0.00257542 0.00246736 0.00237121 0.00232539 0.00213618 0.00203511 0.00197527 0.0022626 0.00226842 0.00245595 0.00245823 0.00202657 0.00242249 0.00208847 
0.00343059 0.00267775 0.00256189 0.00237143 0.00232661 0.0021383 0.00203612 0.00197887 0.00226741 0.00236723 0.00246062 0.00248285 0.00203296 0.00241333 0.00209484 
0.00324406 0.0025247 0.00248049 0.00238497 0.00234042 0.00214895 0.00204768 0.0019846 0.00227606 0.00234327 0.00247196 0.00249021 0.00203072 0.00243948 0.00209335 
0.003153 0.00243925 0.00256801 0.00237663 0.00233272 0.00214298 0.00204341 0.00198487 0.00227749 0.00231326 0.00247287 0.00243574 0.0020282 0.00244044 0.00209015 
0.00326832 0.00251541 0.00248749 0.00237213 0.00232698 0.0021389 0.002038 0.0019818 0.00227901 0.00231784 0.00247666 0.00248013 0.00202882 0.0025263 0.00209167 
0.00331097 0.00241964 0.00250754 0.00237553 0.0023295 0.00214173 0.00203925 0.00237448 0.00228431 0.00232099 0.00248221 0.00246642 0.0020299 0.00212752 0.00209293 
0.00334656 0.00249568 0.00254971 0.00237641 0.00232959 0.00214102 0.00204024 0.00198425 0.00228747 0.00232473 0.00248792 0.00247405 0.00203136 0.00234212 0.00209414 
0.00325063 0.00245893 0.00251123 0.00237608 0.00233214 0.00214196 0.00204025 0.00198504 0.00229129 0.00229564 0.00249495 0.00249622 0.0020322 0.00244448 0.00209258 
0.00334129 0.00245963 0.00256759 0.00237742 0.0023316 0.00214285 0.00204267 0.00198823 0.00229494 0.00230006 0.00250055 0.00248437 0.00203282 0.00235143 0.00209474 
0.00342108 0.00253833 0.00256798 0.00237752 0.00233295 0.00214352 0.00204301 0.00198966 0.00211787 0.00230548 0.00250609 0.00250877 0.00203405 0.00233748 0.00209457 
0.00318989 0.00244219 0.00255026 0.00237839 0.0023341 0.00214395 0.00204342 0.00199114 0.00214331 0.00234212 0.00251296 0.00253338 0.00203449 0.00230578 0.00209569 
0.0033535 0.00253806 0.00257005 0.00238017 0.00233555 0.00214472 0.00204467 0.00199201 0.00220021 0.00231126 0.00251716 0.00216209 0.0020358 0.00234977 0.00209687 
0.00339284 0.00255871 0.00253245 0.00238053 0.00233496 0.00214659 0.00204446 0.00199376 0.00224068 0.00221975 0.00252465 0.00244181 0.0020353 0.00233778 0.00209812 
0.00316702 0.00252279 0.00255204 0.00238162 0.0023345 0.00214599 0.00204591 0.00199595 0.00221013 0.00231943 0.0025301 0.00240609 0.00203658 0.00232146 0.00209878 
0.00309589 0.00252357 0.00253354 0.00238099 0.00233664 0.0021467 0.00204635 0.00199867 0.00221365 0.00228455 0.00253423 0.00244924 0.00203867 0.00236656 0.0021001 
0.0032486 0.00248522 0.00253514 0.00238203 0.0023372 0.00214747 0.00204774 0.00199877 0.00221516 0.00232884 0.00253936 0.00241365 0.00203906 0.00233269 0.00209979 
0.00331074 0.00242743 0.00255533 0.00238279 0.0023385 0.00214913 0.00204808 0.00200028 0.0022185 0.00232957 0.00209146 0.00234296 0.00203946 0.00235811 0.00210096 
0.00329554 0.00246949 0.00256086 0.0023835 0.00233898 0.00214929 0.00204832 0.00200181 0.00222172 0.00233494 0.00244166 0.00244464 0.00204006 0.00236549 0.00210305 
0.0033215 0.00252692 0.00253835 0.00238365 0.00233939 0.0021506 0.00204993 0.00200293 0.00222518 0.00233966 0.00244502 0.00244867 0.00204049 0.00240852 0.00210224 
0.00315241 0.0025083 0.00255725 0.00238471 0.00234027 0.00215065 0.00204979 0.00200655 0.0022308 0.00234423 0.00245086 0.00241434 0.00204195 0.00241333 0.00210317 
0.00334401 0.00248858 0.00257718 0.00238689 0.00234074 0.00215249 0.00205115 0.00200849 0.00230591 0.00234661 0.00245554 0.00247699 0.00204086 0.00243964 0.00210284 
0.00346349 0.00250801 0.00255941 0.0023865 0.00234323 0.00215259 0.00205158 0.00200767 0.00223404 0.00235088 0.00246225 0.00242473 0.00204274 0.00246491 0.00210531 
0.00328062 0.00272853 0.00252156 0.00238859 0.00234271 0.00215387 0.00205408 0.00201189 0.00227497 0.00235508 0.00246671 0.00243042 0.00204343 0.00242134 0.00210496 
0.00331915 0.00252832 0.00257975 0.00238886 0.00234374 0.00215503 0.00205367 0.00201186 0.00224139 0.00235809 0.00246921 0.00249248 0.00204537 0.00246424 0.00210676 
0.0032519 0.00245463 0.00257985 0.00238886 0.0023455 0.00215462 0.00205441 0.00201445 0.00224448 0.00236177 0.00247459 0.00249806 0.00204546 0.0024411 0.00210782 
0.00341297 0.00263463 0.00258117 0.00239116 0.00234497 0.00215702 0.00205496 0.00201501 0.00228584 0.00236841 0.00248081 0.00250067 0.00204783 0.00242243 0.00210804 
0.00323358 0.00253199 0.00254428 0.00235292 0.00234717 0.00215739 0.00205612 0.00201648 0.00225227 0.00237242 0.00248445 0.00250605 0.00204702 0.00240411 0.00210868 
0.00336902 0.00249509 0.00252505 0.00239054 0.00234693 0.0021576 0.00205675 0.00202044 0.00225373 0.00237503 0.00248849 0.00251143 0.00204797 0.00246116 0.00210918 
0.00335306 0.00255145 0.00258463 0.00239229 0.00234704 0.00215767 0.00205779 0.0020207 0.00225801 0.00238027 0.00249573 0.00249682 0.00204809 0.00252009 0.00211085 
0.00330007 0.00269433 0.00252616 0.0023942 0.00235098 0.00215942 0.00205886 0.00202258 0.00229894 0.00238292 0.00250038 0.00246437 0.00205012 0.00207494 0.0021107 
0.00336506 0.00253675 0.00256491 0.00239401 0.00234965 0.00215997 0.00205897 0.00202224 0.00226228 0.00238672 0.00250334 0.00248792 0.00205101 0.00218176 0.00211146 
0.00338266 0.00261816 0.00254879 0.00239479 0.0023507 0.0021617 0.00206006 0.00202561 0.002266 0.00239048 0.00250798 0.00243479 0.00205196 0.00243711 0.00211336 
0.00340713 0.00249849 0.0025488 0.00239519 0.00235028 0.00216223 0.00206042 0.00202776 0.00226728 0.00239497 0.00251389 0.0025342 0.00205273 0.00238352 0.00211418 
0.00336849 0.00246189 0.00258827 0.00239645 0.00235231 0.00216289 0.00206207 0.00202875 0.00231362 0.00239974 0.00251684 0.00250157 0.00205384 0.0023702 0.00211532 
0.00335315 0.00251915 0.0025317 0.00239774 0.00235223 0.00216313 0.00206215 0.00203013 0.00227662 0.00240367 0.0025245 0.00254469 0.00205412 0.0022813 0.00211567 
0.00336012 0.00250166 0.00243743 0.00239979 0.00235367 0.00216474 0.00206255 0.00203156 0.00227933 0.00240682 0.00252805 0.00251217 0.002055 0.0023795 0.00211632 
0.00331659 0.00259733 0.00253329 0.00239973 0.00235434 0.00216448 0.00206415 0.00203386 0.00228246 0.00215693 0.00251271 0.00255474 0.00205634 0.00238325 0.00211879 
0.00336346 0.00256067 0.00255285 0.00240037 0.00235434 0.00216661 0.00206419 0.002034 0.00217304 0.00221533 0.00251944 0.00255945 0.00205661 0.0023497 0.0021174 
0.00341397 0.00273679 0.00259333 0.00240163 0.00235635 0.00216731 0.00206479 0.00203731 0.00228869 0.00237582 0.00254323 0.00256505 0.00205681 0.00239469 0.00211828 
0.00343939 0.00273749 0.00253523 0.00240155 0.00235813 0.00216689 0.00206645 0.00203854 0.00229191 0.00233866 0.00254711 0.00249697 0.00205834 0.00239941 0.00213134 
0.00325811 0.00256381 0.00253637 0.00236402 0.00235782 0.00216775 0.0020677 0.00203918 0.00230025 0.00238386 0.00255291 0.00257453 0.00205882 0.00238484 0.0021209 
0.00334916 0.00258458 0.00249854 0.00240251 0.002358 0.00217707 0.00207531 0.00204217 0.0022989 0.00230252 0.00255759 0.00252373 0.00205971 0.00243285 0.00212182 
0.00337223 0.00250718 0.00259617 0.00242254 0.00235762 0.0021701 0.0020689 0.00204397 0.00230192 0.00230477 0.00256278 0.00256345 0.00205954 0.00239518 0.00212177 
0.00340065 0.00246878 0.00255618 0.00240343 0.00236045 0.00217045 0.00206947 0.002045 0.0023033 0.00230881 0.00256452 0.00237115 0.00206138 0.00238019 0.00212236 
0.00342268 0.00258332 0.00257672 0.00240567 0.00236138 0.00217191 0.00207059 0.00204509 0.00230808 0.00231328 0.00257053 0.00200071 0.00206215 0.00243899 0.00212399 
0.00333217 0.00250848 0.00255855 0.00240673 0.00236291 0.00217362 0.00207213 0.00204872 0.00231085 0.00235844 0.00256887 0.00234994 0.00206385 0.00240187 0.00212444 
0.00344128 0.00254833 0.00257887 0.00238662 0.00236092 0.00217333 0.00207236 0.00205041 0.00231424 0.00240643 0.00256903 0.00241151 0.00206347 0.00238119 0.0021258 
0.00326837 0.00249073 0.00254308 0.00240814 0.00236237 0.00217366 0.0027409 0.00205027 0.00231888 0.00236648 0.00257006 0.00245417 0.00206361 0.00238192 0.00212645 
0.00334773 0.00256762 0.00254178 0.00241 0.00236469 0.00217445 0.00207361 0.00205161 0.00232073 0.00236862 0.00256949 0.00247549 0.00206337 0.00240336 0.00212693 
0.00340617 0.00251202 0.00252428 0.00240737 0.00236451 0.00217587 0.00207423 0.00205506 0.00232444 0.00232768 0.00256873 0.00246087 0.00206518 0.00236305 0.00212776 
0.00336714 0.00255181 0.00250585 0.00240972 0.00236466 0.00217677 0.00207605 0.00205613 0.0023275 0.00241999 0.00206347 0.00248452 0.00206433 0.00250495 0.00212889 
0.00335558 0.00251509 0.00260155 0.00241154 0.00236721 0.00217729 0.00207614 0.00205764 0.00233216 0.00233452 0.00231357 0.00243201 0.00207208 0.00243009 0.00213054 
0.0033404 0.00249508 0.00258462 0.00241169 0.0023676 0.00217812 0.00207581 0.00205878 0.00233368 0.00233969 0.0024722 0.00245565 0.00207358 0.00240101 0.00212973 
0.00316866 0.00251557 0.00256547 0.00241095 0.00236826 0.00217919 0.00207673 0.00206114 0.00238328 0.00234069 0.00247675 0.00242087 0.0020715 0.00240348 0.00213082 
0.00332815 0.0025552 0.00260393 0.00241341 0.00236868 0.00217874 0.00207903 0.00206126 0.00234034 0.0024356 0.00247934 0.00250124 0.00207701 0.00234365 0.00213151 
0.00345316 0.00255592 0.00256785 0.00241556 0.00236924 0.0021797 0.00208005 0.00206322 0.00234394 0.00239371 0.00248443 0.00246604 0.00207021 0.00240052 0.00213232 
0.00317985 0.00251787 0.00256751 0.00241543 0.00237037 0.00218111 0.00208067 0.00206465 0.00234662 0.00225414 0.00248715 0.00241256 0.00207096 0.00239986 0.00213231 
0.00308192 0.00249873 0.00251184 0.00241607 0.0023717 0.00218255 0.0020807 0.00206599 0.00235083 0.00235478 0.00249238 0.00243776 0.00207302 0.00242017 0.0021355 
0.0033244 0.00252053 0.0025309 0.00241794 0.00237086 0.00218281 0.00208151 0.00206788 0.0023545 0.00231757 0.00249612 0.00244125 0.00207221 0.00236215 0.00213571 
0.00330239 0.00255897 0.00260944 0.00241698 0.00237236 0.00218531 0.00208428 0.00207013 0.00235834 0.00235985 0.00250026 0.00252219 0.0020742 0.00244129 0.00213548 
0.00325643 0.0024827 0.0025724 0.00241874 0.00237262 0.00218463 0.00208356 0.00207125 0.00235934 0.00236131 0.00250363 0.00250601 0.00207518 0.00242111 0.00213617 
0.00325876 0.00255953 0.00259133 0.00241998 0.00237331 0.00218442 0.00208417 0.00207388 0.00236298 0.0023676 0.00250819 0.00253028 0.0020762 0.00240226 0.00213827 
0.00329184 0.00252273 0.00255261 0.00241905 0.00237505 0.00218573 0.00208437 0.00207535 0.00236495 0.00237115 0.00251096 0.00251514 0.00207746 0.00244104 0.0021383 
0.00323898 0.00254259 0.0026118 0.00242559 0.00237769 0.00218719 0.00208573 0.002078 0.00236906 0.00237809 0.00252245 0.00250686 0.00208136 0.00235213 0.00214469 
0.00312923 0.00251133 0.0026186 0.00242824 0.00238222 0.00218907 0.00209075 0.00208279 0.00237379 0.00237565 0.00252082 0.00252586 0.00208247 0.00242036 0.00214083 
0.0031494 0.00248678 0.00261632 0.00242499 0.00238279 0.00218916 0.00208753 0.00208039 0.00237663 0.00238166 0.00252573 0.00254677 0.00207837 0.00249888 0.00214043 
0.00314504 0.00252506 0.00261496 0.00242255 0.00237832 0.00218875 0.00208796 0.00208142 0.00237748 0.00238384 0.0025267 0.00251191 0.00207968 0.00220018 0.00214126 
0.00331871 0.00252749 0.0025578 0.0024238 0.00237866 0.00219041 0.0020892 0.00208199 0.00238284 0.00238709 0.00253225 0.0024971 0.00208133 0.00219238 0.00214239 
0.00314803 0.00260435 0.00257806 0.00242503 0.00237907 0.00219051 0.00208924 0.00208456 0.00238641 0.00238877 0.00253642 0.00255928 0.00206294 0.00230993 0.00214353 
0.00332285 0.00254706 0.00255952 0.0024252 0.00238044 0.00219161 0.00208997 0.00208622 0.00239143 0.00239235 0.00254079 0.00256133 0.00208236 0.00237329 0.00214469 
0.00328624 0.002531 0.00257921 0.00242583 0.00238137 0.00219306 0.00209186 0.00208675 0.00239872 0.0023976 0.00254549 0.00250971 0.00208237 0.0023577 0.00214366 
0.00340374 0.00260623 0.00261867 0.00242756 0.0023953 0.00219392 0.00209219 0.0020884 0.00239365 0.00239892 0.00254867 0.00255047 0.00208386 0.00239926 0.00214666 
0.00327243 0.00252968 0.00262246 0.00242891 0.00238288 0.00219352 0.00209275 0.00208995 0.00239727 0.00240184 0.00255119 0.00257519 0.00208592 0.00242479 0.00215883 
0.00315774 0.00259067 0.00262095 0.0024286 0.00238432 0.00219414 0.0020933 0.00209192 0.00240261 0.00227885 0.0025568 0.00257926 0.00208556 0.00244516 0.0021471 
0.00326101 0.00255199 0.00258325 0.00242928 0.00238551 0.00219629 0.00209575 0.00209306 0.00218838 0.00240808 0.00256153 0.00254598 0.0020854 0.00241151 0.0021479 
0.00339889 0.00253415 0.00258258 0.00242997 0.00238395 0.00219636 0.00209442 0.00209604 0.00213964 0.00241148 0.00256306 0.00258581 0.00208729 0.00239537 0.00214841 
0.00302321 0.0025921 0.00256491 0.0023927 0.00238488 0.00219717 0.00209613 0.00209751 0.00216037 0.00241419 0.00256775 0.00256917 0.00208765 0.00236028 0.00214922 
0.00320534 0.00259103 0.00258552 0.00243274 0.00238592 0.00219761 0.00209659 0.00210081 0.00225742 0.00241843 0.00256528 0.00258798 0.00208767 0.00241966 0.00215071 
0.00328311 0.00253601 0.00252901 0.00243281 0.00238797 0.00219785 0.00209773 0.00210212 0.00226026 0.00242136 0.00256553 0.00255172 0.00208953 0.00236081 0.00215051 
0.00319718 0.00247909 0.00262386 0.00243363 0.00238874 0.00219945 0.0020981 0.00210311 0.00226146 0.00242466 0.00256645 0.00258852 0.00209014 0.00238085 0.00215156 
0.00338367 0.00244006 0.00256769 0.00243393 0.00239021 0.00220034 0.00209927 0.00210339 0.0022641 0.00242593 0.00256643 0.0025698 0.00209046 0.00239978 0.00215137 
0.00341942 0.00263311 0.00256884 0.00243519 0.00238956 0.00220129 0.00209981 0.002107 0.00226859 0.00243102 0.00256786 0.00256947 0.00209103 0.00241838 0.00215332 
0.00331124 0.00253981 0.00262683 0.00243656 0.00239096 0.00220193 0.00210045 0.00210666 0.0022695 0.00243305 0.00256813 0.00255182 0.00209215 0.00249956 0.00215472 
0.00314756 0.00253875 0.00262845 0.00243693 0.00239186 0.00220342 0.00210123 0.00211041 0.00227034 0.00243736 0.00256613 0.00257262 0.00209257 0.002419 0.00215449 
0.00328449 0.00252139 0.0026107 0.0024372 0.00239281 0.00220353 0.00210259 0.00210977 0.00227368 0.00244126 0.00256767 0.00255017 0.00209356 0.00245761 0.0021555 
0.0031859 0.00261762 0.0025909 0.00241925 0.00239374 0.00220497 0.00210309 0.00211158 0.00227487 0.00244321 0.00256605 0.00256881 0.00209499 0.00243714 0.00215792 
0.00326584 0.00256116 0.00259268 0.00243914 0.00239452 0.00220558 0.00210359 0.00211607 0.00227895 0.00239456 0.0025681 0.00258794 0.00209658 0.00245645 0.00215789 
0.00341856 0.00250646 0.0025935 0.00244127 0.00239495 0.00220562 0.00210497 0.00211634 0.00228186 0.00245088 0.00256692 0.00258901 0.00209704 0.00247579 0.00215869 
0.00341925 0.00254327 0.00261273 0.00244034 0.00239771 0.0022071 0.00210617 0.00211729 0.00228427 0.00245332 0.00256597 0.00258888 0.00209793 0.00240329 0.00216008 
0.00318761 0.00250506 0.00261303 0.00244121 0.0023973 0.00220705 0.00210518 0.00211629 0.00228482 0.00245596 0.00256529 0.00255037 0.00209822 0.00243773 0.00215941 
0.00342328 0.00260248 0.00259627 0.00244216 0.00239779 0.00220852 0.00210805 0.00211916 0.00228803 0.00245941 0.00256679 0.00258787 0.00209856 0.00241713 0.00216131 
0.00319112 0.0025455 0.00257659 0.00244422 0.00239878 0.00220956 0.00210788 0.00212213 0.00229067 0.00246242 0.00256809 0.00256941 0.00209859 0.00241806 0.00216257 
0.00327077 0.00260368 0.0026156 0.00244357 0.00239993 0.00220924 0.00210881 0.00212088 0.00229331 0.00246471 0.00256366 0.00255201 0.00209979 0.00243697 0.00216208 
0.00324806 0.00252903 0.00259735 0.00244557 0.00240106 0.00221098 0.00210959 0.00212482 0.0022941 0.0024687 0.00256591 0.00253459 0.00210201 0.00240032 0.00216273 
0.00330555 0.00254916 0.00257952 0.00244549 0.00240055 0.00221102 0.00211077 0.00212573 0.00229841 0.00247362 0.00256665 0.00254984 0.00210163 0.00241788 0.00216349 
0.00317637 0.00253036 0.00258282 0.00244671 0.00240141 0.00221254 0.0021116 0.00212674 0.00229953 0.0024776 0.00256758 0.00258773 0.00210202 0.00239849 0.00216456 
0.00322853 0.00254968 0.00259993 0.00244731 0.0024026 0.00221251 0.00211173 0.00212968 0.00230268 0.00247864 0.0025671 0.00255206 0.00210374 0.00234197 0.00216498 
0.00325892 0.00251124 0.00261978 0.00244733 0.0024036 0.00221423 0.00211272 0.00213051 0.00230416 0.00248224 0.00256645 0.00256911 0.00210511 0.0025359 0.00216693 
0.00327913 0.00249391 0.00262064 0.00244952 0.00240437 0.00221439 0.00211379 0.00213246 0.00236529 0.00248526 0.00256686 0.00220443 0.00210553 0.00243834 0.00216724 
0.00347558 0.00251303 0.00256495 0.00245037 0.00240567 0.00221556 0.00211508 0.00213399 0.0024267 0.00248728 0.00256717 0.00229559 0.00210597 0.00237939 0.00216711 
0.00342078 0.00255304 0.00260243 0.00245052 0.00240624 0.00221609 0.00211463 0.00213589 0.00231274 0.00249108 0.00256645 0.00247215 0.00210771 0.00239915 0.00216997 
0.00317534 0.00306162 0.00255951 0.00244959 0.0024072 0.00221689 0.00211611 0.00213759 0.00231485 0.00249482 0.00256558 0.00251351 0.00210815 0.00241921 0.00216813 
0.0031285 0.00253612 0.00262339 0.00245218 0.00240693 0.00221742 0.00211557 0.00213949 0.00231614 0.00249864 0.00256506 0.00251743 0.0021084 0.00243753 0.00217087 
0.00334374 0.00257378 0.00262569 0.00245146 0.00240828 0.0022188 0.00211733 0.00214207 0.00232002 0.00250008 0.00256575 0.00251976 0.00210952 0.00251886 0.00217127 
0.00317586 0.00257527 0.00262509 0.00245348 0.00240837 0.00221979 0.00211871 0.00214367 0.00232015 0.00250568 0.00256716 0.00252157 0.00211081 0.00234198 0.00217206 
0.00302772 0.0025181 0.00258904 0.00245351 0.00240975 0.00222058 0.00211819 0.00214412 0.00232444 0.00250759 0.00256591 0.00250796 0.00211078 0.00243789 0.00217292 
0.00326938 0.00263381 0.00264726 0.00245421 0.00240981 0.00222101 0.00211974 0.0021458 0.00232593 0.00245039 0.00210764 0.0024523 0.00211132 0.00240094 0.00217302 
0.00338398 0.00261432 0.00262825 0.0024574 0.00240999 0.00222135 0.00212023 0.0021492 0.00238752 0.00251491 0.00216585 0.00253184 0.00211231 0.00236159 0.00217318 
0.00327382 0.00261546 0.00259087 0.00245698 0.00241195 0.00222297 0.00212168 0.00214811 0.00233139 0.00245578 0.00245915 0.00251544 0.00211353 0.00234462 0.00217429 
0.00323665 0.00267443 0.00263047 0.00245727 0.00241379 0.0022238 0.00212307 0.0021516 0.00233429 0.00252116 0.00251834 0.00248603 0.00211707 0.00236225 0.00217623 
0.00336238 0.00256194 0.00261951 0.00246618 0.00242344 0.00222402 0.00212319 0.00215401 0.00240564 0.00252473 0.00251866 0.00248619 0.00211559 0.00222823 0.00217753 
0.00314384 0.00259972 0.00265237 0.00246719 0.00241849 0.002231 0.0021248 0.00215954 0.00234704 0.00253076 0.00252927 0.00248901 0.00211525 0.0020806 0.00217622 
0.00328005 0.00263951 0.00265117 0.00245976 0.00241465 0.00222577 0.00212525 0.00215517 0.00240119 0.0025292 0.00252687 0.00252843 0.00211645 0.00204429 0.00217899 
0.0034361 0.00258304 0.00261422 0.00246065 0.00241654 0.00222723 0.00212577 0.00215692 0.00240533 0.00253379 0.00252979 0.0024947 0.00211554 0.00200684 0.00217801 
0.0032994 0.00252637 0.00263349 0.00246254 0.00241649 0.00222705 0.00212673 0.00215775 0.00240743 0.00237834 0.0025328 0.00246313 0.00211659 0.0020074 0.00218113 
0.00335225 0.00252783 0.00259578 0.00246175 0.0024186 0.00222952 0.00212701 0.00216042 0.00234679 0.00247676 0.0025366 0.0025196 0.00211837 0.00200789 0.00218132 
0.00314548 0.00254615 0.00261729 0.00246399 0.00241847 0.00223051 0.00212755 0.00216007 0.00234988 0.00240246 0.00253954 0.00250787 0.00211937 0.00200849 0.00218181 
0.0033041 0.00250899 0.00265635 0.00246364 0.00241841 0.00222959 0.00212953 0.00216214 0.00235265 0.00231842 0.00254222 0.00249018 0.00211895 0.00200967 0.00218218 
0.00327863 0.00262534 0.00259927 0.002465 0.00241975 0.00223029 0.00212924 0.00216361 0.00235629 0.00233909 0.002546 0.00254919 0.00212133 0.00201064 0.00218265 
0.00323192 0.0025487 0.00263819 0.002466 0.00242163 0.0022307 0.00212953 0.00216728 0.00235658 0.00236127 0.00254789 0.00255103 0.0021219 0.00201165 0.00218403 
0.0033401 0.00260836 0.00265821 0.0024471 0.00242144 0.00223192 0.00213161 0.0021689 0.00235978 0.00249021 0.00251538 0.00257435 0.00212253 0.00202177 0.00219907 
0.00316097 0.00254972 0.00262259 0.00250043 0.00245575 0.00226505 0.00216104 0.00219074 0.00238328 0.00257959 0.00257201 0.00259306 0.00214262 0.00203849 0.00220592 
0.00316578 0.00265629 0.00269084 0.00248886 0.00244 0.0022496 0.00214858 0.00218346 0.00237719 0.002382 0.00257198 0.0025574 0.00213991 0.00202796 0.0022017 
0.00307777 0.00262815 0.00264064 0.00248617 0.00244244 0.00225148 0.00214869 0.00218783 0.00238003 0.00244926 0.0025747 0.00255908 0.00214039 0.00202923 0.00220279 
