0.0244674 0.0238759 0.023932 
0.0245448 0.0236194 0.0237283 
0.0246184 0.0240502 0.0238612 
0.0243884 0.0236644 0.0238387 
0.024609 0.0240613 0.023762 
0.0246108 0.0237943 0.0239181 
0.0246089 0.0242497 0.0239786 
0.0246429 0.0240524 0.0240668 
0.0244674 0.0238759 0.023932 
0.0251485 0.0240614 0.0245448 
0.0248735 0.0237731 0.0238612 
0.0249246 0.0236644 0.0238387 
0.024609 0.0236829 0.0239939 
0.0246108 0.0237943 0.0239181 
0.0250403 0.0236666 0.0246089 
0.0252203 0.0240524 0.0240668 
0.0253806 0.0240916 0.023932 
0.0245448 0.0240614 0.0245448 
0.0248735 0.0237731 0.0238612 
0.0249246 0.0236644 0.0238387 
0.0248172 0.0236829 0.0240144 
0.0249946 0.0237943 0.0246108 
0.0250403 0.0236666 0.0239786 
0.0252203 0.0240524 0.0240315 
0.0253194 0.0240916 0.0240029 
0.0252648 0.0237402 0.0245448 
0.0248735 0.0237731 0.0238612 
0.0248837 0.0236644 0.0238387 
0.0251275 0.0236829 0.0240144 
0.0246108 0.0237943 0.0246108 
0.0247216 0.0239176 0.0239786 
0.0251446 0.0240524 0.0240315 
