0.0637421 0.0608713 0.06217 0.0634074 0.0644983 0.0656289 0.0660174 0.068776 0.0683998 0.0677577 0.0676443 0.0675279 0.0676633 0.0676243 0.0676137 0.0688515 0.0686689 0.068258 0.0680965 0.068094 0.0681125 0.068245 0.0682012 0.0689003 
0.0415904 0.0411565 0.042144 0.0431358 0.0441873 0.0448745 0.0453331 0.0475945 0.0476517 0.0471458 0.0469719 0.0467915 0.0470689 0.0469492 0.0469549 0.0477713 0.0478703 0.047551 0.0474426 0.0475056 0.0474165 0.047612 0.0474715 0.047945 
0.038226 0.0352565 0.0365539 0.0374548 0.0383669 0.0389074 0.0393592 0.0411069 0.0413311 0.0410382 0.0406372 0.040735 0.0410581 0.04085 0.0408049 0.0413073 0.0413017 0.0411791 0.0408921 0.0410393 0.0410029 0.0410861 0.0409862 0.0412146 
0.0381987 0.0336604 0.034013 0.0350348 0.0364453 0.03656 0.0371724 0.0384753 0.038639 0.038267 0.0381125 0.0382709 0.0385142 0.0387305 0.0384485 0.0386388 0.0387232 0.0384749 0.0383803 0.0385025 0.0386794 0.0386658 0.0384992 0.038608 
0.0385873 0.0330307 0.0336379 0.0342003 0.0343181 0.0343718 0.0356986 0.0359738 0.0367245 0.0367226 0.0361028 0.0357989 0.036341 0.0359431 0.0361026 0.0360931 0.0365745 0.0360882 0.0362403 0.0360639 0.0362737 0.0358282 0.0361218 0.0360841 
0.0389081 0.0328543 0.0325988 0.0332189 0.0354432 0.0346726 0.0346837 0.0350235 0.0354311 0.0348866 0.0356684 0.0348161 0.0355744 0.0352305 0.0351601 0.0350909 0.0353476 0.0350253 0.0353631 0.0349779 0.0353133 0.0351479 0.0351344 0.0351103 
0.0385151 0.0337734 0.0361529 0.0346944 0.0343226 0.0340605 0.0339159 0.0340802 0.0348755 0.0344924 0.0347299 0.0345588 0.0344522 0.0344048 0.0344276 0.0341498 0.0345051 0.0344282 0.0342956 0.0342902 0.0342825 0.0342818 0.0343436 0.0342216 
0.0406797 0.0364916 0.0360264 0.0351692 0.0342432 0.0335749 0.0333414 0.0334637 0.0340926 0.0340717 0.0335449 0.0337188 0.0337874 0.0336955 0.0335505 0.0333456 0.0337755 0.033575 0.0334874 0.0335336 0.0335418 0.0336365 0.033453 0.0334481 
0.041496 0.0369638 0.0359875 0.0343563 0.0352905 0.0351572 0.0357414 0.0362107 0.0362297 0.0357641 0.0359501 0.0361585 0.0364437 0.0366878 0.0364234 0.036595 0.036582 0.0362448 0.0363297 0.0364132 0.0365396 0.0366464 0.0365552 0.0366649 
0.0399204 0.0350991 0.0364145 0.0338221 0.0350216 0.0348504 0.0352014 0.0353862 0.0352833 0.0352281 0.0354185 0.0354063 0.0359687 0.0359498 0.0355915 0.0356558 0.0355913 0.0355043 0.0355653 0.0355443 0.035999 0.0359107 0.0356742 0.0357117 
0.0394141 0.0346024 0.0348394 0.0339108 0.0346767 0.0344048 0.0345005 0.0347661 0.0346832 0.0347059 0.0350541 0.03523 0.0354082 0.0352342 0.0349555 0.0350197 0.0350347 0.034893 0.0351072 0.0350951 0.0352482 0.035208 0.0350583 0.0350879 
0.0395279 0.0348273 0.0347162 0.0339649 0.034364 0.0340933 0.0337135 0.03425 0.0344263 0.0344138 0.0346844 0.0346493 0.0348002 0.0346476 0.0344954 0.0345271 0.0346079 0.0346117 0.0346431 0.0346588 0.0347685 0.0347385 0.0346313 0.0345895 
0.0401848 0.0343992 0.0345279 0.0342672 0.0342027 0.0344526 0.0340992 0.0339393 0.0343177 0.0349538 0.0343915 0.0344218 0.0345063 0.0342535 0.0343758 0.0341809 0.0342308 0.0345137 0.0342898 0.0343432 0.0343708 0.0341784 0.0343967 0.0342207 
0.0405056 0.0341655 0.0343378 0.033866 0.0341797 0.0341873 0.0338027 0.0337204 0.0343705 0.0344066 0.0344236 0.0343165 0.0344142 0.0343336 0.0345065 0.0341934 0.0345043 0.0343445 0.0343513 0.0342867 0.0343423 0.0344107 0.0345356 0.0342774 
0.0415265 0.0351164 0.0346854 0.0341303 0.0342069 0.0343435 0.03381 0.0336169 0.034292 0.0342419 0.0342827 0.0339577 0.0339462 0.0339785 0.0341265 0.0337426 0.0340779 0.0338862 0.0339567 0.0339041 0.0339155 0.033902 0.0340729 0.0337925 
0.0411793 0.0351762 0.0347422 0.0337854 0.0343307 0.0340349 0.0335923 0.0334144 0.0340563 0.0338546 0.0337456 0.0336868 0.0337922 0.0338226 0.0338314 0.0334757 0.0338524 0.0335879 0.0336168 0.0335658 0.0336636 0.0336742 0.0337282 0.0335775 
0.0410981 0.0353379 0.0345195 0.0341988 0.0349067 0.0343163 0.0347004 0.0343524 0.0344776 0.0344538 0.0345237 0.0346025 0.0346808 0.0348566 0.0350111 0.0346891 0.0347238 0.0346558 0.0347465 0.0347367 0.034728 0.0348715 0.0349689 0.034733 
0.0408109 0.035529 0.0348249 0.0342642 0.0347083 0.0339904 0.0344248 0.034063 0.0341601 0.0342177 0.0342467 0.0343715 0.0344455 0.0346793 0.034619 0.0343711 0.0343753 0.0343477 0.0344494 0.0344235 0.034503 0.0346011 0.0346294 0.0344429 
0.0408478 0.0353895 0.0352191 0.0340989 0.0346875 0.0338983 0.0342359 0.0338518 0.0340083 0.0340493 0.0342824 0.03415 0.0344417 0.0344743 0.0342725 0.0341341 0.0342098 0.0342026 0.0343116 0.0342053 0.0344621 0.0344841 0.0343676 0.0342473 
0.0406728 0.034365 0.0348461 0.0345692 0.0347433 0.0337177 0.0339033 0.0336648 0.0337874 0.0338657 0.0341227 0.0341553 0.034262 0.0342928 0.0340781 0.0339178 0.0339997 0.0339889 0.0340806 0.0340486 0.0342309 0.034195 0.0340971 0.0340241 
0.0415145 0.0347408 0.0350244 0.0340666 0.033654 0.0337273 0.0337529 0.033526 0.0337843 0.0336704 0.0338835 0.0338278 0.0342362 0.0340521 0.0337669 0.0336209 0.0338366 0.0336407 0.0338924 0.0338018 0.0340948 0.0339752 0.033844 0.0337414 
0.0412192 0.0333704 0.0347354 0.0339182 0.0336607 0.0335706 0.0334541 0.0332736 0.0335516 0.0333723 0.0336842 0.0337828 0.0339223 0.0339768 0.0335698 0.0334509 0.0335467 0.0334556 0.0335945 0.0337564 0.0338318 0.0337748 0.0335488 0.0335294 
0.0413376 0.034173 0.0343456 0.0343797 0.0338331 0.0333792 0.03338 0.0331794 0.0333981 0.0333378 0.0335925 0.0337235 0.0339824 0.0337796 0.0334548 0.0333052 0.0334399 0.0333741 0.0335129 0.0336047 0.0337319 0.0336295 0.0334271 0.0333747 
0.0409275 0.034839 0.0345542 0.0344407 0.0336028 0.0332732 0.0332634 0.0331344 0.0333607 0.033416 0.033531 0.0336019 0.0338496 0.0336616 0.0333561 0.0332526 0.033412 0.033323 0.0335042 0.0334448 0.0335937 0.033494 0.0333111 0.0333004 
0.0412223 0.0355029 0.0343546 0.0335426 0.0338675 0.0331339 0.0337077 0.0335614 0.0335811 0.0335893 0.0339292 0.0340938 0.0342721 0.0342096 0.033981 0.0338654 0.033893 0.0338092 0.0341155 0.03414 0.0343187 0.0341784 0.0340417 0.0339467 
0.0409088 0.0348054 0.0333097 0.0346254 0.033897 0.0334247 0.0337346 0.0334305 0.0335987 0.0336462 0.0338461 0.0340263 0.0342486 0.0340544 0.0338699 0.033761 0.033814 0.033815 0.0338964 0.0340426 0.0340804 0.0340423 0.0339242 0.0338373 
0.0407699 0.0343221 0.0331151 0.0341583 0.0338258 0.0331888 0.0335103 0.0332777 0.0334908 0.0335717 0.0338202 0.0339295 0.0340201 0.0338026 0.0336914 0.0335802 0.0337376 0.0337131 0.0338371 0.0338691 0.0340262 0.033847 0.0336671 0.0336736 
0.0404234 0.0338491 0.0330779 0.0327559 0.0337199 0.0331451 0.0330044 0.0331838 0.0334618 0.033426 0.0336838 0.0337877 0.0338006 0.0335884 0.0334854 0.033446 0.0335607 0.0335961 0.0336493 0.033767 0.0337797 0.0336042 0.0335171 0.0334986 
0.0398898 0.03442 0.0338539 0.0322218 0.0335911 0.0331484 0.03324 0.0331039 0.0334041 0.0334401 0.033635 0.0335626 0.0336936 0.0333955 0.0333797 0.0333111 0.0334836 0.0335131 0.0335702 0.0335153 0.0336468 0.0334243 0.0334124 0.0333652 
0.0399289 0.0342131 0.0334591 0.0321531 0.0334428 0.0328671 0.0331868 0.0330284 0.0333886 0.0332292 0.0336125 0.0333392 0.0335181 0.0333237 0.0333276 0.0332105 0.0334034 0.0333212 0.0334975 0.0332625 0.0334335 0.0333199 0.0333079 0.0332577 
0.0398041 0.0331866 0.0337052 0.0338385 0.0333076 0.0327675 0.0332729 0.0329983 0.0333707 0.033267 0.033532 0.0335089 0.0334079 0.0332666 0.033265 0.0331507 0.0333918 0.0333135 0.0334368 0.0334092 0.033371 0.0332839 0.0332814 0.0332114 
0.039968 0.0339547 0.033623 0.033039 0.0332553 0.0326915 0.0328895 0.0330251 0.0335066 0.0334238 0.0333602 0.0333276 0.0333617 0.0332476 0.033196 0.0331546 0.0333878 0.0333052 0.0333365 0.0332881 0.0332864 0.0332554 0.0332279 0.0332032 
0.0401064 0.0331197 0.0334624 0.0333566 0.0331003 0.0328196 0.0333231 0.033233 0.0335685 0.033711 0.0338406 0.0336029 0.0336728 0.0336463 0.0335901 0.0335512 0.0336923 0.0337885 0.0338107 0.0336746 0.0337035 0.0336808 0.0336979 0.0336625 
0.0403795 0.0328839 0.0336956 0.0331591 0.0328479 0.0328014 0.0332062 0.0331577 0.0334893 0.0335648 0.0336956 0.0336638 0.0335298 0.0335388 0.0334458 0.0334517 0.0336269 0.0336054 0.0336207 0.03363 0.0336246 0.0335816 0.0336062 0.0335093 
0.0403499 0.0331234 0.0334047 0.0333673 0.0325898 0.0326914 0.0332557 0.0330351 0.0334409 0.0332602 0.033439 0.0334766 0.0334758 0.0334194 0.0334114 0.0333169 0.0335451 0.0335033 0.0336099 0.0334754 0.0335473 0.0334924 0.0334158 0.0334277 
0.0402901 0.0336621 0.0334065 0.0330003 0.032683 0.0326783 0.0329486 0.0329513 0.0333714 0.0332476 0.0333591 0.0332643 0.0332958 0.0332691 0.0331754 0.0332228 0.0333958 0.033276 0.0333632 0.03339 0.0333399 0.0334134 0.0332652 0.0333061 
0.040081 0.0337282 0.0333053 0.0325309 0.032693 0.0326176 0.0329574 0.032894 0.0333528 0.0331045 0.0331477 0.0332316 0.033193 0.0331777 0.0331698 0.0331293 0.0333777 0.0332351 0.0332209 0.0332097 0.0331916 0.0332428 0.0332283 0.0331672 
0.0399211 0.0333805 0.032967 0.0324441 0.0325876 0.0325769 0.033073 0.0328584 0.0332951 0.0329545 0.0330762 0.0330216 0.0331199 0.0331031 0.0331951 0.0330702 0.0333176 0.033125 0.0331389 0.0331829 0.0332046 0.0332012 0.0331733 0.0331306 
0.0399549 0.0334271 0.0326821 0.0331251 0.0326241 0.0325309 0.0328897 0.0328682 0.0332862 0.0330208 0.0330211 0.0331039 0.0331449 0.0331973 0.0331571 0.0330745 0.0332394 0.0331101 0.0331475 0.0331377 0.033258 0.033195 0.0331524 0.0330934 
0.0397836 0.0332678 0.0326882 0.0330479 0.0327803 0.0325027 0.0328312 0.0328725 0.033124 0.0329899 0.0330216 0.033041 0.03316 0.0331428 0.0331418 0.0330716 0.0331396 0.033117 0.0331482 0.0331137 0.0331156 0.0331323 0.0331248 0.033123 
0.039813 0.0333035 0.0330438 0.0327532 0.032516 0.032537 0.032964 0.0329671 0.0332485 0.0332257 0.0332595 0.033269 0.0333243 0.0333467 0.0333579 0.03332 0.0334401 0.033407 0.0334353 0.0334229 0.0334103 0.0334982 0.0334701 0.0333792 
0.0398961 0.0332867 0.0329724 0.0328071 0.0324702 0.0325107 0.0329705 0.0328989 0.0331863 0.0329567 0.0331564 0.0332124 0.0332481 0.0333191 0.0332847 0.0332134 0.0333311 0.0332905 0.0333684 0.0333804 0.0333207 0.0334215 0.0333266 0.0333302 
0.039821 0.0330325 0.0328582 0.0328173 0.0325306 0.0324699 0.0328085 0.0328408 0.0330626 0.0330507 0.0331291 0.0331249 0.033142 0.0332033 0.0331467 0.0331217 0.0332206 0.0332216 0.0332832 0.033237 0.0332564 0.0333403 0.0332755 0.0332094 
0.0401797 0.0337464 0.0329483 0.0325101 0.0326135 0.0324756 0.032771 0.0328089 0.0330346 0.0329927 0.0330755 0.0330959 0.0331351 0.0331652 0.0331047 0.0330894 0.0331932 0.0331254 0.0331785 0.0331684 0.033211 0.0331978 0.0331626 0.0331243 
0.0400969 0.0337768 0.0327068 0.032418 0.0325642 0.0324374 0.0329289 0.0327607 0.0329704 0.0328859 0.0330203 0.0329817 0.0330772 0.0331091 0.0330419 0.033021 0.0330939 0.033032 0.0330927 0.0330408 0.0331089 0.033122 0.0330815 0.0330347 
0.0399064 0.0335062 0.0325264 0.0325408 0.0325296 0.0324651 0.0328997 0.0327761 0.0329815 0.0328038 0.0329737 0.0329484 0.0330558 0.0330638 0.0331173 0.0329845 0.0330627 0.0330264 0.0330671 0.0330562 0.0331391 0.0331391 0.0331022 0.0330335 
0.0398612 0.033268 0.0325523 0.0325632 0.0326421 0.0325548 0.03273 0.0327857 0.0329662 0.0328264 0.0329692 0.0330568 0.0330736 0.0331174 0.0330822 0.0329745 0.0330631 0.0330101 0.0330859 0.0331058 0.0331024 0.033137 0.0330947 0.0330275 
0.0397886 0.0332878 0.0325802 0.0325124 0.0325583 0.0325567 0.0327279 0.0327951 0.0329053 0.0328408 0.0329834 0.0330496 0.0330351 0.0330993 0.0330474 0.0329955 0.0330875 0.0330218 0.0330684 0.0330745 0.0330512 0.0330912 0.0330162 0.0330309 
